% mass weighted coordinates
       -0.0000000000        0.0000000000        9.6068288967
       -0.0000000000        0.0000000000        0.9367305277
       -0.0000000000        1.7794479130        3.7888460064
       -0.0000000000       -1.7794479130        3.7888460064
       -0.0000000000        8.8921844966       -5.0624135166
        0.0000000000       -8.8921844966       -5.0624135166
% frequency
        0.3230789984i
% normal coordinate (mass weighted) 
        0.7693547045       -0.0000000003        0.0000000003
        0.1136641698       -0.0000000003        0.0000000003
        0.2989438736       -0.0000000001        0.0000000001
        0.2989438735       -0.0000000001        0.0000000001
       -0.3289672595       -0.0000000003        0.0000000004
       -0.3289672602       -0.0000000003        0.0000000003
% frequency
        0.1190648921 
% normal coordinate (mass weighted) 
        0.0000000002        0.4472590527       -0.0000000003
       -0.0000000002        0.4342143333       -0.0000000003
       -0.0000000000        0.1311284483       -0.0026772241
        0.0000000003        0.1311284483        0.0026772239
       -0.0000000013        0.5369616413       -0.0133785116
        0.0000000002        0.5369616413        0.0133785108
% frequency
        0.3660824897 
% normal coordinate (mass weighted) 
        0.3586339965        0.0000000003       -0.0000000012
        0.4238056075        0.0000000003       -0.0000000012
        0.0963807913        0.0000000001       -0.0000000004
        0.0963807917        0.0000000001       -0.0000000004
        0.5801689182        0.0000000003       -0.0000000016
        0.5801689203        0.0000000003       -0.0000000015
% frequency
        0.4958487537 
% normal coordinate (mass weighted) 
        0.0000000005        0.0000000002        0.4329704065
        0.0000000011        0.0000000003        0.4329702850
        0.0000000009       -0.0000000201        0.1254758829
       -0.0000000008        0.0000000202        0.1254758829
        0.0000000061        0.0000001476        0.5447866395
       -0.0000000024       -0.0000001467        0.5447866394
% frequency
        0.5317529055 
% normal coordinate (mass weighted) 
        0.0000000001        0.0000000004       -0.0000000027
        0.0000000006        0.0000000004       -0.0000000027
        0.1387513687        0.0000000001       -0.0000000008
       -0.1387513687        0.0000000001       -0.0000000008
        0.6933599780        0.0000000006       -0.0000000033
       -0.6933599760        0.0000000006       -0.0000000034
% frequency
        1.8423479905 
% normal coordinate (mass weighted) 
        0.0000000000        0.5106670017        0.0000000001
       -0.0000000000        0.0390028027        0.0000000001
        0.0000000000        0.2026463593       -0.0967928497
       -0.0000000000        0.2026463593        0.0967928497
        0.0000000000       -0.2904715349       -0.4837777196
       -0.0000000001       -0.2904715349        0.4837777198
% frequency
      437.6454151858 
% normal coordinate (mass weighted) 
       -0.0000000000        0.3903000863       -0.0000000000
        0.0000000000       -0.3059995448       -0.0000000000
       -0.0000000000        0.2895179112       -0.3049234221
        0.0000000000        0.2895179112        0.3049234221
        0.0000000000       -0.1001821981        0.4360959453
       -0.0000000000       -0.1001821981       -0.4360959453
% frequency
      554.9433621474 
% normal coordinate (mass weighted) 
        0.0000000000        0.0000000000        0.3514753656
        0.0000000000       -0.0000000000        0.2888351769
        0.0000000000       -0.0010468685        0.1064393593
       -0.0000000000        0.0010468685        0.1064393593
       -0.0000000000       -0.5544104974       -0.2789591749
        0.0000000000        0.5544104974       -0.2789591749
% frequency
      624.5074464604 
% normal coordinate (mass weighted) 
        0.2108778934       -0.0000000000        0.0000000000
       -0.8923492835       -0.0000000000        0.0000000000
        0.1565960001        0.0000000000        0.0000000000
        0.1565960001        0.0000000000        0.0000000000
        0.2347324604       -0.0000000000       -0.0000000000
        0.2347324604        0.0000000000       -0.0000000000
% frequency
      723.6840044376 
% normal coordinate (mass weighted) 
       -0.0000000000       -0.0000000000       -0.0000000000
        0.0000000000       -0.0000000000       -0.0000000000
        0.6933599770       -0.0000000000       -0.0000000000
       -0.6933599770       -0.0000000000       -0.0000000000
       -0.1387513687        0.0000000000        0.0000000000
        0.1387513687       -0.0000000000        0.0000000000
% frequency
      815.4901999117 
% normal coordinate (mass weighted) 
        0.4847736681        0.0000000000       -0.0000000000
       -0.1057450700       -0.0000000000       -0.0000000000
       -0.6138574723       -0.0000000000        0.0000000000
       -0.6138574723       -0.0000000000       -0.0000000000
       -0.0092325062       -0.0000000000        0.0000000000
       -0.0092325062       -0.0000000000        0.0000000000
% frequency
      942.4069293097 
% normal coordinate (mass weighted) 
        0.0000000000       -0.0000000000        0.5375284725
        0.0000000000       -0.0000000000        0.1780931244
       -0.0000000000       -0.0231195671        0.2148462472
       -0.0000000000        0.0231195671        0.2148462472
       -0.0000000000        0.4260523766       -0.3338546663
       -0.0000000000       -0.4260523766       -0.3338546663
% frequency
      972.6574297230 
% normal coordinate (mass weighted) 
       -0.0000000000        0.4927179462        0.0000000000
       -0.0000000000        0.1168138648        0.0000000000
        0.0000000000       -0.1498874485        0.5052737154
        0.0000000000       -0.1498874485       -0.5052737154
        0.0000000000       -0.2076911549        0.2255845355
        0.0000000000       -0.2076911549       -0.2255845355
% frequency
     1354.0686205742 
% normal coordinate (mass weighted) 
        0.0000000000        0.1845352151       -0.0000000000
        0.0000000000       -0.8382134307       -0.0000000000
       -0.0000000000       -0.0542663198        0.1729076675
       -0.0000000000       -0.0542663198       -0.1729076675
       -0.0000000000        0.2722549389       -0.1571873175
       -0.0000000000        0.2722549389        0.1571873175
% frequency
     1422.5186887861 
% normal coordinate (mass weighted) 
        0.0000000000       -0.0000000000        0.1837692287
        0.0000000000        0.0000000000        0.3099284559
       -0.0000000000        0.3402873584       -0.5571279172
       -0.0000000000       -0.3402873584       -0.5571279172
       -0.0000000000        0.0655279309       -0.0678653028
       -0.0000000000       -0.0655279309       -0.0678653028
% frequency
     1778.0771534843 
% normal coordinate (mass weighted) 
        0.0000000000        0.0000000000        0.5602379271
       -0.0000000000        0.0000000000       -0.7747444042
        0.0000000000        0.1561911016       -0.0491686431
       -0.0000000000       -0.1561911016       -0.0491686431
        0.0000000000       -0.0825494534        0.0965642723
        0.0000000000        0.0825494534        0.0965642723
% frequency
     3210.2267311678 
% normal coordinate (mass weighted) 
       -0.0000000000        0.0000000000        0.2289698045
        0.0000000000       -0.0000000000       -0.0333057411
       -0.0000000000       -0.5993940634       -0.3375773750
        0.0000000000        0.5993940634       -0.3375773750
       -0.0000000000        0.0002253690       -0.0000010454
       -0.0000000000       -0.0002253690       -0.0000010454
% frequency
     3316.5417058251 
% normal coordinate (mass weighted) 
        0.0000000000        0.3316928936       -0.0000000000
        0.0000000000        0.0073306400       -0.0000000000
       -0.0000000000       -0.5766351372       -0.3353313203
        0.0000000000       -0.5766351372        0.3353313203
        0.0000000000       -0.0019086059        0.0020553324
       -0.0000000000       -0.0019086059       -0.0020553324
