1.00000 0.00000 0.00000 0.00000 0.00000 0.00000
0.00000 0.00000 0.00000 1.00000 0.00000 0.00000
0.99877 0.00101 0.00003 0.00019 0.00000 0.00000
0.00020 0.00001 0.01490 0.97508 0.00704 0.00277
0.99838 0.00090 0.00011 0.00061 0.00001 0.00000
0.00071 0.00004 0.05347 0.91421 0.02506 0.00652
0.99833 0.00043 0.00022 0.00099 0.00002 0.00000
0.00122 0.00008 0.10035 0.84652 0.04597 0.00586
0.99789 0.00050 0.00036 0.00121 0.00004 0.00000
0.00162 0.00008 0.13858 0.79440 0.06071 0.00461
0.99730 0.00085 0.00050 0.00129 0.00005 0.00000
0.00185 0.00011 0.15767 0.76692 0.06644 0.00702
0.99771 0.00034 0.00058 0.00130 0.00006 0.00000
0.00193 0.00015 0.15712 0.76068 0.07157 0.00856
0.99738 0.00064 0.00059 0.00134 0.00006 0.00000
0.00199 0.00017 0.14346 0.76144 0.08580 0.00714
0.99740 0.00057 0.00053 0.00144 0.00006 0.00000
0.00206 0.00020 0.12564 0.76197 0.10461 0.00552
0.99748 0.00043 0.00045 0.00156 0.00008 0.00000
0.00214 0.00021 0.11384 0.75733 0.12075 0.00573
0.99723 0.00059 0.00039 0.00168 0.00010 0.00001
0.00221 0.00024 0.11638 0.73604 0.13632 0.00880
0.99709 0.00069 0.00038 0.00171 0.00012 0.00001
0.00225 0.00030 0.13378 0.70606 0.14739 0.01022
0.99731 0.00047 0.00042 0.00166 0.00014 0.00001
0.00226 0.00034 0.15844 0.68283 0.14643 0.00970
0.99710 0.00067 0.00049 0.00159 0.00015 0.00001
0.00229 0.00035 0.18054 0.66734 0.14068 0.00880
0.99702 0.00074 0.00055 0.00153 0.00015 0.00001
0.00232 0.00037 0.19079 0.65721 0.14021 0.00911
0.99709 0.00065 0.00057 0.00152 0.00016 0.00001
0.00236 0.00037 0.18593 0.65629 0.14426 0.01079
0.99710 0.00062 0.00056 0.00153 0.00018 0.00001
0.00240 0.00041 0.17506 0.65965 0.15133 0.01114
0.99693 0.00077 0.00052 0.00157 0.00020 0.00001
0.00242 0.00047 0.16960 0.65427 0.16383 0.00941
0.99705 0.00063 0.00050 0.00159 0.00022 0.00001
0.00244 0.00056 0.17140 0.63657 0.18104 0.00800
0.99705 0.00062 0.00052 0.00157 0.00023 0.00001
0.00245 0.00055 0.17339 0.62152 0.19364 0.00846
0.99704 0.00061 0.00056 0.00154 0.00024 0.00001
0.00248 0.00050 0.17457 0.61761 0.19425 0.01059
0.99704 0.00058 0.00059 0.00154 0.00025 0.00001
0.00255 0.00058 0.18200 0.61577 0.18807 0.01103
0.99704 0.00051 0.00058 0.00160 0.00026 0.00001
0.00264 0.00066 0.19247 0.61190 0.18311 0.00922
0.99691 0.00057 0.00057 0.00168 0.00027 0.00001
0.00271 0.00068 0.19942 0.60332 0.18501 0.00886
0.99692 0.00050 0.00056 0.00173 0.00028 0.00001
0.00279 0.00076 0.20163 0.59026 0.19418 0.01038
0.99688 0.00050 0.00058 0.00175 0.00028 0.00001
0.00287 0.00083 0.20127 0.58339 0.20138 0.01027
0.99677 0.00058 0.00060 0.00175 0.00029 0.00001
0.00294 0.00078 0.19804 0.58645 0.20215 0.00964
0.99673 0.00059 0.00063 0.00175 0.00029 0.00001
0.00302 0.00085 0.19029 0.59284 0.20230 0.01070
0.99678 0.00055 0.00063 0.00174 0.00029 0.00001
0.00312 0.00101 0.18459 0.59285 0.20751 0.01092
0.99668 0.00066 0.00062 0.00172 0.00031 0.00001
0.00318 0.00110 0.18748 0.58345 0.21496 0.00982
0.99666 0.00071 0.00062 0.00168 0.00032 0.00001
0.00304 0.00114 0.19155 0.58145 0.21325 0.00957
0.99671 0.00065 0.00062 0.00166 0.00034 0.00001
0.00296 0.00106 0.19592 0.58466 0.20348 0.01193
0.99664 0.00071 0.00063 0.00166 0.00035 0.00001
0.00318 0.00107 0.19721 0.58937 0.19619 0.01298
0.99659 0.00075 0.00063 0.00166 0.00035 0.00001
0.00305 0.00108 0.19320 0.59326 0.19781 0.01161
0.99674 0.00058 0.00064 0.00168 0.00034 0.00001
0.00309 0.00123 0.18486 0.59769 0.20255 0.01057
0.99663 0.00070 0.00064 0.00167 0.00034 0.00001
0.00320 0.00128 0.17729 0.60228 0.20421 0.01173
0.99667 0.00067 0.00064 0.00165 0.00035 0.00001
0.00312 0.00128 0.17757 0.59991 0.20547 0.01266
0.99687 0.00050 0.00063 0.00164 0.00036 0.00001
0.00301 0.00136 0.18769 0.58232 0.21213 0.01348
0.99681 0.00055 0.00062 0.00165 0.00036 0.00001
0.00307 0.00142 0.19885 0.56579 0.21909 0.01177
0.99669 0.00065 0.00062 0.00167 0.00035 0.00001
0.00308 0.00136 0.21171 0.54998 0.22079 0.01307
0.99698 0.00035 0.00065 0.00165 0.00034 0.00002
0.00326 0.00169 0.22193 0.54601 0.21384 0.01326
0.99674 0.00062 0.00069 0.00161 0.00034 0.00001
0.00315 0.00141 0.22687 0.55625 0.19970 0.01262
0.99678 0.00057 0.00072 0.00158 0.00033 0.00001
0.00321 0.00161 0.22676 0.56475 0.18913 0.01455
0.99691 0.00044 0.00073 0.00157 0.00032 0.00001
0.00305 0.00150 0.22070 0.56807 0.19239 0.01429
0.99675 0.00060 0.00074 0.00157 0.00033 0.00001
0.00302 0.00153 0.21646 0.56251 0.20165 0.01482
0.99654 0.00080 0.00072 0.00159 0.00033 0.00001
0.00313 0.00162 0.21112 0.56906 0.20179 0.01328
0.99689 0.00045 0.00069 0.00161 0.00034 0.00001
0.00304 0.00166 0.20395 0.58417 0.19258 0.01459
0.99661 0.00073 0.00067 0.00163 0.00035 0.00001
0.00305 0.00162 0.20838 0.58240 0.18677 0.01777
0.99661 0.00071 0.00066 0.00164 0.00035 0.00001
0.00311 0.00178 0.21961 0.57007 0.18888 0.01655
0.99666 0.00066 0.00067 0.00164 0.00035 0.00002
0.00308 0.00154 0.21424 0.56858 0.19696 0.01559
0.99668 0.00066 0.00067 0.00163 0.00035 0.00001
0.00322 0.00135 0.21260 0.56242 0.20240 0.01800
0.99657 0.00075 0.00068 0.00163 0.00035 0.00001
0.00323 0.00166 0.22986 0.54381 0.20606 0.01537
0.99688 0.00043 0.00070 0.00162 0.00035 0.00002
0.00325 0.00151 0.23606 0.53540 0.20740 0.01638
0.99668 0.00062 0.00072 0.00161 0.00035 0.00002
0.00329 0.00154 0.22453 0.55038 0.20204 0.01822
0.99667 0.00063 0.00073 0.00161 0.00033 0.00002
0.00348 0.00166 0.22516 0.54511 0.20770 0.01689
0.99686 0.00045 0.00075 0.00162 0.00031 0.00001
0.00360 0.00174 0.22860 0.53236 0.21524 0.01846
0.99687 0.00043 0.00075 0.00161 0.00031 0.00001
0.00340 0.00180 0.20809 0.56645 0.20272 0.01754
0.99667 0.00063 0.00074 0.00162 0.00032 0.00001
0.00367 0.00173 0.20392 0.58352 0.18862 0.01853
0.99684 0.00045 0.00070 0.00165 0.00033 0.00002
0.00355 0.00182 0.21924 0.56478 0.19080 0.01980
0.99677 0.00052 0.00068 0.00169 0.00032 0.00002
0.00363 0.00182 0.22120 0.55187 0.20008 0.02139
0.99671 0.00058 0.00067 0.00170 0.00031 0.00002
0.00375 0.00177 0.21944 0.54904 0.20510 0.02089
0.99670 0.00060 0.00068 0.00169 0.00031 0.00002
0.00354 0.00187 0.22209 0.54690 0.20655 0.01905
0.99679 0.00049 0.00069 0.00169 0.00032 0.00002
0.00372 0.00194 0.22165 0.54251 0.20869 0.02148
0.99648 0.00081 0.00070 0.00166 0.00033 0.00002
0.00329 0.00180 0.21290 0.55670 0.20517 0.02014
0.99673 0.00056 0.00070 0.00165 0.00033 0.00002
0.00372 0.00198 0.20339 0.57333 0.19667 0.02090
0.99669 0.00060 0.00070 0.00166 0.00032 0.00002
0.00370 0.00202 0.19872 0.57772 0.19552 0.02232
0.99666 0.00063 0.00070 0.00168 0.00030 0.00002
0.00336 0.00200 0.20189 0.57276 0.19994 0.02004
0.99656 0.00073 0.00070 0.00170 0.00029 0.00002
0.00369 0.00214 0.21185 0.56450 0.19653 0.02127
0.99683 0.00046 0.00070 0.00171 0.00027 0.00002
0.00354 0.00214 0.21719 0.56286 0.19120 0.02306
0.99687 0.00041 0.00070 0.00172 0.00027 0.00002
0.00359 0.00201 0.21110 0.57091 0.18947 0.02291
0.99660 0.00067 0.00071 0.00171 0.00028 0.00002
0.00365 0.00217 0.20700 0.56929 0.19527 0.02262
0.99674 0.00054 0.00071 0.00169 0.00028 0.00002
0.00348 0.00221 0.20396 0.55977 0.20739 0.02317
0.99698 0.00029 0.00071 0.00169 0.00029 0.00003
0.00340 0.00220 0.20064 0.56128 0.20917 0.02331
0.99685 0.00043 0.00070 0.00168 0.00031 0.00003
0.00329 0.00258 0.19883 0.56703 0.20471 0.02355
0.99661 0.00066 0.00069 0.00168 0.00032 0.00003
0.00326 0.00245 0.19909 0.57557 0.19472 0.02490
0.99679 0.00045 0.00069 0.00172 0.00031 0.00003
0.00363 0.00255 0.20350 0.57385 0.19333 0.02312
0.99686 0.00039 0.00072 0.00168 0.00031 0.00003
0.00352 0.00274 0.20804 0.55824 0.20212 0.02535
0.99663 0.00064 0.00075 0.00162 0.00032 0.00003
0.00356 0.00255 0.21353 0.54869 0.20599 0.02568
0.99662 0.00064 0.00075 0.00162 0.00033 0.00003
0.00337 0.00273 0.21404 0.54935 0.20507 0.02543
0.99674 0.00052 0.00073 0.00163 0.00034 0.00003
0.00349 0.00258 0.20840 0.55384 0.20591 0.02576
0.99654 0.00072 0.00072 0.00165 0.00033 0.00003
0.00352 0.00273 0.20522 0.56068 0.20155 0.02629
0.99665 0.00061 0.00072 0.00166 0.00031 0.00003
0.00356 0.00285 0.20451 0.56729 0.19633 0.02544
0.99664 0.00062 0.00074 0.00165 0.00031 0.00003
0.00370 0.00302 0.20384 0.56767 0.19571 0.02607
0.99680 0.00046 0.00074 0.00163 0.00032 0.00003
0.00354 0.00279 0.20508 0.56418 0.19810 0.02630
0.99668 0.00059 0.00075 0.00160 0.00034 0.00003
0.00361 0.00290 0.20140 0.56903 0.19571 0.02734
0.99660 0.00067 0.00074 0.00159 0.00035 0.00003
0.00360 0.00325 0.20661 0.56605 0.19133 0.02915
0.99693 0.00034 0.00072 0.00161 0.00035 0.00003
0.00365 0.00312 0.21841 0.55686 0.18862 0.02933
0.99687 0.00040 0.00073 0.00161 0.00034 0.00004
0.00348 0.00293 0.21459 0.56054 0.18920 0.02924
0.99676 0.00051 0.00075 0.00160 0.00033 0.00004
0.00415 0.00305 0.21213 0.55483 0.19483 0.03099
0.99678 0.00049 0.00076 0.00159 0.00033 0.00004
0.00394 0.00333 0.21540 0.54854 0.19781 0.03095
0.99686 0.00041 0.00077 0.00158 0.00032 0.00004
0.00398 0.00339 0.20912 0.55637 0.19410 0.03303
0.99683 0.00044 0.00078 0.00157 0.00032 0.00004
0.00388 0.00356 0.20678 0.56679 0.18628 0.03269
0.99675 0.00052 0.00077 0.00159 0.00032 0.00004
0.00412 0.00369 0.20413 0.57623 0.18088 0.03093
0.99667 0.00059 0.00074 0.00162 0.00032 0.00004
0.00422 0.00361 0.19656 0.57675 0.18561 0.03323
0.99674 0.00053 0.00073 0.00162 0.00033 0.00005
0.00417 0.00402 0.19589 0.57814 0.18598 0.03178
0.99674 0.00053 0.00074 0.00160 0.00034 0.00005
0.00414 0.00411 0.20306 0.57021 0.18346 0.03502
0.99656 0.00070 0.00074 0.00158 0.00035 0.00005
0.00409 0.00410 0.20865 0.55496 0.19356 0.03461
0.99663 0.00063 0.00076 0.00156 0.00035 0.00005
0.00385 0.00403 0.21287 0.54416 0.20026 0.03481
0.99677 0.00049 0.00075 0.00157 0.00035 0.00005
0.00414 0.00415 0.21850 0.54148 0.19531 0.03640
0.99671 0.00055 0.00075 0.00158 0.00034 0.00005
0.00404 0.00386 0.21049 0.55448 0.19024 0.03687
0.99673 0.00054 0.00076 0.00156 0.00034 0.00005
0.00406 0.00364 0.20948 0.55295 0.19372 0.03614
0.99680 0.00047 0.00075 0.00156 0.00035 0.00005
0.00413 0.00409 0.21348 0.54839 0.19204 0.03784
0.99680 0.00047 0.00075 0.00157 0.00035 0.00005
0.00387 0.00413 0.21440 0.55114 0.18890 0.03755
0.99686 0.00042 0.00076 0.00154 0.00035 0.00005
0.00388 0.00427 0.21689 0.54781 0.18805 0.03909
0.99689 0.00039 0.00076 0.00155 0.00034 0.00005
0.00376 0.00430 0.22368 0.54581 0.18353 0.03889
0.99684 0.00043 0.00074 0.00157 0.00034 0.00005
0.00400 0.00425 0.23209 0.53511 0.18433 0.04021
0.99686 0.00041 0.00075 0.00157 0.00035 0.00005
0.00403 0.00411 0.23281 0.53444 0.18463 0.03996
0.99683 0.00044 0.00076 0.00154 0.00035 0.00006
0.00397 0.00416 0.22471 0.54568 0.18330 0.03817
0.99677 0.00050 0.00076 0.00155 0.00035 0.00006
0.00420 0.00413 0.21602 0.54732 0.18908 0.03923
0.99682 0.00045 0.00074 0.00156 0.00035 0.00006
0.00435 0.00414 0.21477 0.54406 0.19271 0.03995
0.99680 0.00046 0.00074 0.00157 0.00035 0.00006
0.00395 0.00451 0.22540 0.53289 0.19233 0.04090
0.99661 0.00065 0.00076 0.00155 0.00036 0.00006
0.00408 0.00458 0.22992 0.53026 0.19106 0.04009
0.99659 0.00067 0.00077 0.00153 0.00037 0.00006
0.00452 0.00471 0.22470 0.53158 0.19395 0.04052
0.99673 0.00054 0.00076 0.00154 0.00036 0.00006
0.00441 0.00496 0.22879 0.52055 0.19954 0.04173
0.99678 0.00048 0.00075 0.00156 0.00035 0.00006
0.00448 0.00512 0.22956 0.51498 0.20391 0.04193
0.99666 0.00061 0.00076 0.00156 0.00034 0.00006
0.00420 0.00534 0.22353 0.51894 0.20596 0.04202
0.99674 0.00053 0.00076 0.00154 0.00035 0.00006
0.00458 0.00548 0.23094 0.50899 0.20695 0.04304
0.99683 0.00044 0.00078 0.00151 0.00035 0.00006
0.00410 0.00513 0.24080 0.50177 0.20520 0.04297
0.99682 0.00045 0.00079 0.00151 0.00036 0.00006
0.00439 0.00501 0.23904 0.50672 0.20359 0.04123
0.99685 0.00042 0.00077 0.00153 0.00035 0.00006
0.00450 0.00517 0.23167 0.51646 0.19941 0.04276
0.99689 0.00038 0.00077 0.00154 0.00034 0.00006
0.00435 0.00512 0.22395 0.52130 0.20196 0.04330
0.99692 0.00035 0.00080 0.00152 0.00033 0.00006
0.00442 0.00564 0.21813 0.51997 0.20742 0.04440
0.99688 0.00039 0.00081 0.00150 0.00034 0.00006
0.00437 0.00584 0.22197 0.51748 0.20666 0.04365
0.99678 0.00049 0.00080 0.00151 0.00034 0.00006
0.00427 0.00636 0.23492 0.50863 0.20276 0.04304
0.99681 0.00046 0.00078 0.00152 0.00035 0.00006
0.00421 0.00666 0.24347 0.50202 0.19811 0.04551
0.99687 0.00040 0.00078 0.00152 0.00035 0.00006
0.00432 0.00700 0.23876 0.51138 0.19263 0.04589
0.99672 0.00055 0.00080 0.00150 0.00035 0.00006
0.00473 0.00692 0.23744 0.51659 0.19047 0.04383
0.99667 0.00059 0.00083 0.00147 0.00035 0.00006
0.00442 0.00633 0.23450 0.52085 0.19036 0.04351
0.99671 0.00055 0.00084 0.00147 0.00035 0.00006
0.00451 0.00636 0.22734 0.52661 0.19091 0.04425
0.99668 0.00058 0.00082 0.00147 0.00036 0.00006
0.00471 0.00700 0.23211 0.51277 0.19831 0.04509
0.99674 0.00052 0.00080 0.00149 0.00037 0.00006
0.00477 0.00744 0.23638 0.50209 0.20527 0.04402
0.99670 0.00056 0.00078 0.00149 0.00037 0.00006
0.00463 0.00711 0.23539 0.49928 0.20873 0.04484
0.99669 0.00057 0.00078 0.00149 0.00038 0.00006
0.00458 0.00726 0.23918 0.49531 0.20817 0.04548
0.99681 0.00046 0.00079 0.00147 0.00038 0.00006
0.00470 0.00741 0.24157 0.50028 0.20186 0.04415
0.99684 0.00043 0.00080 0.00146 0.00038 0.00006
0.00477 0.00733 0.23223 0.51178 0.19829 0.04558
0.99688 0.00039 0.00080 0.00145 0.00039 0.00006
0.00465 0.00765 0.22667 0.51706 0.19735 0.04659
0.99688 0.00039 0.00080 0.00146 0.00039 0.00007
0.00464 0.00778 0.22457 0.51973 0.19703 0.04622
0.99688 0.00039 0.00077 0.00148 0.00038 0.00006
0.00451 0.00785 0.22413 0.52253 0.19491 0.04605
0.99689 0.00039 0.00077 0.00149 0.00038 0.00006
0.00471 0.00826 0.22949 0.50960 0.20296 0.04494
0.99682 0.00045 0.00080 0.00147 0.00037 0.00006
0.00490 0.00791 0.22569 0.50796 0.20718 0.04634
0.99685 0.00042 0.00082 0.00145 0.00037 0.00006
0.00569 0.00783 0.22389 0.50869 0.20549 0.04839
0.99681 0.00046 0.00082 0.00145 0.00037 0.00006
0.00534 0.00774 0.23338 0.50789 0.19873 0.04690
0.99666 0.00061 0.00081 0.00146 0.00037 0.00006
0.00565 0.00776 0.24059 0.50713 0.19203 0.04680
0.99674 0.00052 0.00081 0.00147 0.00037 0.00007
0.00541 0.00800 0.23801 0.50615 0.19395 0.04845
0.99671 0.00055 0.00082 0.00146 0.00036 0.00006
0.00544 0.00833 0.23452 0.49995 0.20188 0.04985
0.99665 0.00061 0.00082 0.00146 0.00036 0.00006
0.00571 0.00827 0.23236 0.50455 0.19972 0.04936
0.99677 0.00050 0.00082 0.00147 0.00036 0.00006
0.00569 0.00804 0.23174 0.50903 0.19718 0.04829
0.99672 0.00054 0.00081 0.00147 0.00037 0.00006
0.00653 0.00800 0.24005 0.49781 0.20014 0.04746
0.99674 0.00053 0.00082 0.00145 0.00037 0.00006
0.00586 0.00855 0.24772 0.48611 0.20357 0.04817
0.99679 0.00048 0.00085 0.00141 0.00038 0.00006
0.00608 0.00851 0.23267 0.50066 0.20169 0.05036
0.99681 0.00045 0.00085 0.00140 0.00038 0.00006
0.00585 0.00830 0.22395 0.51089 0.20141 0.04957
0.99692 0.00035 0.00085 0.00140 0.00039 0.00006
0.00571 0.00857 0.23353 0.50188 0.20127 0.04901
0.99691 0.00036 0.00083 0.00142 0.00038 0.00006
0.00595 0.00843 0.23533 0.49737 0.20387 0.04901
0.99684 0.00043 0.00083 0.00143 0.00038 0.00006
0.00574 0.00885 0.24144 0.49247 0.20030 0.05116
0.99683 0.00044 0.00084 0.00141 0.00037 0.00007
0.00581 0.00876 0.24973 0.48455 0.19932 0.05179
0.99686 0.00040 0.00085 0.00142 0.00037 0.00007
0.00628 0.00899 0.24901 0.48987 0.19570 0.05012
0.99685 0.00042 0.00086 0.00141 0.00037 0.00007
0.00645 0.00889 0.24951 0.49147 0.19215 0.05150
0.99679 0.00047 0.00086 0.00140 0.00037 0.00007
0.00615 0.00941 0.24115 0.49922 0.19362 0.05043
0.99670 0.00057 0.00085 0.00142 0.00037 0.00006
0.00601 0.01042 0.23217 0.50515 0.19520 0.05102
0.99669 0.00057 0.00082 0.00144 0.00038 0.00006
0.00561 0.01087 0.23505 0.49754 0.19858 0.05232
0.99673 0.00053 0.00082 0.00144 0.00038 0.00006
0.00602 0.01032 0.23815 0.49378 0.20010 0.05160
0.99665 0.00061 0.00084 0.00142 0.00038 0.00006
0.00599 0.01009 0.24102 0.49182 0.19923 0.05181
0.99668 0.00059 0.00086 0.00141 0.00037 0.00007
0.00612 0.01011 0.24216 0.49733 0.19284 0.05140
0.99676 0.00050 0.00086 0.00141 0.00037 0.00007
0.00633 0.00988 0.24996 0.49152 0.18962 0.05265
0.99679 0.00047 0.00088 0.00140 0.00036 0.00007
0.00662 0.01018 0.25100 0.49107 0.18830 0.05281
0.99675 0.00051 0.00088 0.00140 0.00035 0.00007
0.00619 0.01096 0.24156 0.49638 0.19073 0.05415
0.99683 0.00044 0.00086 0.00142 0.00035 0.00007
0.00651 0.01122 0.23821 0.50024 0.19019 0.05360
0.99687 0.00040 0.00086 0.00140 0.00036 0.00007
0.00645 0.01136 0.23771 0.49530 0.19636 0.05278
0.99688 0.00039 0.00087 0.00140 0.00036 0.00007
0.00598 0.01190 0.23486 0.49307 0.20029 0.05386
0.99689 0.00038 0.00087 0.00139 0.00036 0.00007
0.00645 0.01179 0.23319 0.49734 0.19854 0.05266
0.99688 0.00039 0.00086 0.00140 0.00036 0.00007
0.00670 0.01146 0.23423 0.49307 0.20203 0.05248
0.99682 0.00045 0.00086 0.00140 0.00036 0.00007
0.00722 0.01126 0.24158 0.48734 0.19834 0.05423
0.99681 0.00046 0.00087 0.00140 0.00035 0.00007
0.00698 0.01126 0.24185 0.49435 0.19052 0.05501
0.99683 0.00044 0.00087 0.00139 0.00036 0.00007
0.00674 0.01208 0.23761 0.50205 0.18700 0.05447
0.99673 0.00053 0.00088 0.00137 0.00037 0.00007
0.00689 0.01211 0.23972 0.50031 0.18655 0.05438
0.99669 0.00057 0.00089 0.00137 0.00037 0.00007
0.00696 0.01137 0.24649 0.49018 0.19109 0.05387
0.99670 0.00056 0.00089 0.00136 0.00037 0.00008
0.00748 0.01135 0.24560 0.48438 0.19753 0.05363
0.99669 0.00057 0.00089 0.00136 0.00037 0.00008
0.00703 0.01242 0.24507 0.48260 0.19901 0.05383
0.99673 0.00054 0.00091 0.00133 0.00038 0.00007
0.00664 0.01248 0.24584 0.47397 0.20516 0.05587
0.99669 0.00058 0.00092 0.00131 0.00039 0.00008
0.00685 0.01190 0.25230 0.46950 0.20438 0.05503
0.99668 0.00059 0.00091 0.00132 0.00039 0.00008
0.00730 0.01297 0.25052 0.47302 0.20128 0.05487
0.99679 0.00047 0.00089 0.00134 0.00039 0.00008
0.00704 0.01361 0.24582 0.47440 0.20376 0.05534
0.99687 0.00039 0.00090 0.00133 0.00039 0.00008
0.00708 0.01398 0.24354 0.48167 0.19835 0.05535
0.99685 0.00042 0.00088 0.00134 0.00039 0.00008
0.00683 0.01387 0.24141 0.49119 0.19217 0.05449
0.99683 0.00044 0.00088 0.00133 0.00040 0.00008
0.00727 0.01325 0.23789 0.49780 0.18872 0.05503
0.99690 0.00037 0.00088 0.00133 0.00041 0.00008
0.00743 0.01334 0.23962 0.49291 0.19058 0.05607
0.99690 0.00037 0.00089 0.00131 0.00041 0.00008
0.00770 0.01424 0.24499 0.47778 0.19889 0.05637
0.99686 0.00041 0.00089 0.00131 0.00040 0.00008
0.00747 0.01371 0.24321 0.47590 0.20291 0.05676
0.99685 0.00042 0.00089 0.00133 0.00039 0.00008
0.00775 0.01367 0.24119 0.47355 0.20757 0.05622
0.99679 0.00047 0.00089 0.00134 0.00038 0.00008
0.00800 0.01358 0.24143 0.46981 0.21089 0.05625
0.99671 0.00055 0.00090 0.00134 0.00038 0.00008
0.00785 0.01365 0.24049 0.47639 0.20542 0.05616
0.99676 0.00051 0.00088 0.00135 0.00038 0.00008
0.00846 0.01396 0.23862 0.47836 0.20542 0.05513
0.99677 0.00049 0.00088 0.00134 0.00039 0.00008
0.00791 0.01450 0.23752 0.47263 0.21218 0.05522
0.99666 0.00060 0.00089 0.00133 0.00039 0.00008
0.00778 0.01431 0.23725 0.47210 0.21083 0.05768
0.99666 0.00060 0.00089 0.00133 0.00039 0.00008
0.00827 0.01397 0.23908 0.47644 0.20501 0.05719
0.99672 0.00054 0.00090 0.00133 0.00038 0.00008
0.00790 0.01451 0.23452 0.47858 0.20648 0.05795
0.99676 0.00051 0.00090 0.00134 0.00037 0.00008
0.00819 0.01447 0.22694 0.48198 0.21077 0.05759
0.99679 0.00048 0.00089 0.00133 0.00038 0.00008
0.00821 0.01453 0.23398 0.47656 0.21104 0.05563
0.99681 0.00046 0.00090 0.00132 0.00038 0.00008
0.00809 0.01500 0.24486 0.46869 0.20577 0.05755
0.99682 0.00045 0.00090 0.00131 0.00039 0.00008
0.00800 0.01500 0.24510 0.46672 0.20795 0.05719
0.99688 0.00039 0.00090 0.00131 0.00038 0.00009
0.00803 0.01511 0.24462 0.46885 0.20581 0.05753
0.99692 0.00036 0.00090 0.00132 0.00038 0.00009
0.00791 0.01528 0.24323 0.47081 0.20457 0.05815
0.99688 0.00040 0.00091 0.00132 0.00036 0.00008
0.00811 0.01555 0.23866 0.47595 0.20275 0.05894
0.99686 0.00041 0.00092 0.00132 0.00035 0.00008
0.00813 0.01509 0.24090 0.47620 0.20144 0.05820
0.99680 0.00047 0.00093 0.00131 0.00036 0.00008
0.00847 0.01500 0.24440 0.46603 0.20808 0.05797
0.99677 0.00050 0.00093 0.00131 0.00036 0.00008
0.00855 0.01507 0.24125 0.46442 0.21151 0.05917
0.99680 0.00047 0.00093 0.00131 0.00037 0.00008
0.00825 0.01532 0.23325 0.47293 0.21218 0.05802
0.99678 0.00049 0.00092 0.00132 0.00037 0.00009
0.00873 0.01547 0.23581 0.46824 0.21414 0.05757
0.99670 0.00056 0.00091 0.00133 0.00036 0.00008
0.00859 0.01558 0.24364 0.45470 0.21819 0.05925
0.99668 0.00059 0.00092 0.00131 0.00037 0.00009
0.00873 0.01513 0.24528 0.45678 0.21529 0.05876
0.99674 0.00053 0.00094 0.00129 0.00037 0.00009
0.00837 0.01524 0.24491 0.46482 0.20794 0.05867
0.99674 0.00053 0.00093 0.00128 0.00038 0.00009
0.00837 0.01537 0.24444 0.46924 0.20412 0.05842
0.99673 0.00054 0.00093 0.00126 0.00040 0.00009
0.00820 0.01556 0.23940 0.47102 0.20593 0.05985
0.99679 0.00048 0.00093 0.00126 0.00040 0.00009
0.00844 0.01582 0.23603 0.47220 0.20616 0.06131
0.99684 0.00043 0.00094 0.00126 0.00040 0.00009
0.00898 0.01562 0.23841 0.46869 0.20787 0.06038
0.99685 0.00042 0.00093 0.00126 0.00040 0.00009
0.00888 0.01537 0.24309 0.46039 0.21096 0.06126
0.99687 0.00040 0.00093 0.00126 0.00039 0.00009
0.00884 0.01526 0.24846 0.45449 0.21235 0.06056
0.99690 0.00038 0.00093 0.00126 0.00040 0.00009
0.00898 0.01486 0.25397 0.45351 0.20798 0.06065
0.99687 0.00040 0.00094 0.00124 0.00040 0.00009
0.00910 0.01500 0.25121 0.46326 0.19939 0.06199
0.99687 0.00041 0.00093 0.00125 0.00040 0.00009
0.00933 0.01501 0.24865 0.46927 0.19632 0.06137
0.99683 0.00044 0.00093 0.00124 0.00040 0.00009
0.00944 0.01568 0.24596 0.47339 0.19419 0.06128
0.99680 0.00047 0.00095 0.00122 0.00041 0.00009
0.00924 0.01607 0.24401 0.46873 0.19955 0.06234
0.99676 0.00051 0.00095 0.00122 0.00041 0.00009
0.00943 0.01571 0.24785 0.46467 0.19995 0.06233
0.99673 0.00054 0.00094 0.00123 0.00041 0.00009
0.01024 0.01566 0.24762 0.46112 0.20359 0.06172
0.99674 0.00053 0.00095 0.00122 0.00041 0.00009
0.00972 0.01595 0.24186 0.45580 0.21340 0.06322
0.99668 0.00058 0.00096 0.00121 0.00041 0.00009
0.00993 0.01582 0.24158 0.45184 0.21719 0.06359
0.99669 0.00058 0.00094 0.00123 0.00042 0.00009
0.00989 0.01636 0.25081 0.43883 0.22119 0.06287
0.99677 0.00050 0.00094 0.00123 0.00042 0.00009
0.01058 0.01588 0.25635 0.43671 0.21722 0.06322
0.99676 0.00051 0.00095 0.00122 0.00042 0.00009
0.01050 0.01598 0.24774 0.44992 0.21281 0.06299
0.99677 0.00051 0.00094 0.00121 0.00043 0.00009
0.01053 0.01579 0.24759 0.45333 0.20972 0.06300
0.99684 0.00043 0.00095 0.00121 0.00042 0.00009
0.01036 0.01583 0.24339 0.46075 0.20632 0.06330
0.99687 0.00041 0.00097 0.00118 0.00043 0.00009
0.01030 0.01613 0.24289 0.46146 0.20603 0.06314
0.99687 0.00041 0.00096 0.00119 0.00043 0.00009
0.01024 0.01644 0.24972 0.45197 0.20883 0.06274
0.99690 0.00038 0.00096 0.00120 0.00042 0.00009
0.00999 0.01677 0.25105 0.44821 0.20900 0.06493
0.99691 0.00037 0.00097 0.00118 0.00042 0.00009
0.01012 0.01762 0.24969 0.45592 0.20303 0.06357
0.99687 0.00041 0.00097 0.00118 0.00043 0.00009
0.01014 0.01739 0.24716 0.46165 0.20067 0.06293
0.99681 0.00046 0.00095 0.00120 0.00043 0.00009
0.01008 0.01750 0.24352 0.46241 0.20223 0.06420
0.99678 0.00049 0.00096 0.00119 0.00043 0.00009
0.01040 0.01739 0.24914 0.45447 0.20488 0.06367
0.99677 0.00050 0.00097 0.00119 0.00042 0.00009
0.00993 0.01786 0.25763 0.44325 0.20600 0.06527
0.99675 0.00053 0.00095 0.00120 0.00043 0.00009
0.01032 0.01750 0.25988 0.44539 0.20295 0.06390
0.99672 0.00055 0.00095 0.00120 0.00043 0.00009
0.01052 0.01740 0.25976 0.44474 0.20188 0.06563
0.99667 0.00061 0.00097 0.00119 0.00042 0.00009
0.01102 0.01729 0.25692 0.44643 0.20273 0.06556
0.99667 0.00060 0.00098 0.00118 0.00041 0.00009
0.01057 0.01771 0.24433 0.45817 0.20555 0.06362
0.99675 0.00053 0.00097 0.00119 0.00041 0.00009
0.01056 0.01769 0.23819 0.45620 0.21224 0.06506
0.99677 0.00050 0.00097 0.00117 0.00043 0.00009
0.01056 0.01822 0.24639 0.44499 0.21511 0.06467
0.99675 0.00052 0.00098 0.00117 0.00043 0.00009
0.01094 0.01783 0.25292 0.43733 0.21500 0.06593
0.99682 0.00046 0.00098 0.00117 0.00042 0.00009
0.01121 0.01737 0.25365 0.43954 0.21314 0.06503
0.99687 0.00041 0.00097 0.00117 0.00043 0.00009
0.01117 0.01822 0.25023 0.44896 0.20704 0.06432
0.99688 0.00040 0.00098 0.00116 0.00043 0.00009
0.01133 0.01724 0.24539 0.45893 0.20138 0.06567
0.99689 0.00040 0.00099 0.00114 0.00043 0.00009
0.01117 0.01773 0.24430 0.46467 0.19588 0.06620
0.99689 0.00039 0.00098 0.00115 0.00043 0.00009
0.01124 0.01828 0.24836 0.45945 0.19756 0.06505
0.99689 0.00039 0.00098 0.00116 0.00042 0.00010
0.01078 0.01884 0.24512 0.46157 0.19748 0.06616
0.99685 0.00043 0.00098 0.00117 0.00042 0.00010
0.01061 0.01898 0.24605 0.46135 0.19783 0.06511
0.99680 0.00049 0.00098 0.00117 0.00041 0.00010
0.01069 0.01892 0.25169 0.45016 0.20177 0.06670
0.99678 0.00050 0.00099 0.00117 0.00041 0.00010
0.01086 0.01853 0.24884 0.45441 0.20050 0.06679
0.99676 0.00052 0.00100 0.00116 0.00041 0.00010
0.01120 0.01919 0.24341 0.46550 0.19455 0.06609
0.99668 0.00060 0.00099 0.00116 0.00041 0.00010
0.01129 0.01902 0.24363 0.46477 0.19562 0.06561
0.99668 0.00060 0.00098 0.00117 0.00042 0.00010
0.01186 0.01850 0.24145 0.46071 0.20156 0.06587
0.99672 0.00056 0.00099 0.00117 0.00041 0.00010
0.01151 0.01904 0.24504 0.45590 0.20203 0.06641
0.99670 0.00058 0.00099 0.00116 0.00041 0.00010
0.01135 0.01966 0.24791 0.45625 0.19769 0.06708
0.99671 0.00057 0.00098 0.00116 0.00041 0.00010
0.01151 0.01959 0.24321 0.45924 0.19960 0.06679
0.99677 0.00051 0.00097 0.00118 0.00041 0.00010
0.01198 0.01931 0.24292 0.45817 0.20098 0.06658
0.99682 0.00046 0.00097 0.00118 0.00041 0.00010
0.01175 0.01982 0.25000 0.44790 0.20319 0.06728
0.99684 0.00044 0.00097 0.00117 0.00041 0.00010
0.01200 0.01990 0.25163 0.44746 0.20250 0.06645
0.99688 0.00041 0.00098 0.00116 0.00041 0.00010
0.01193 0.02007 0.24977 0.45136 0.20056 0.06625
0.99690 0.00039 0.00099 0.00115 0.00041 0.00010
0.01206 0.01971 0.24769 0.45276 0.20088 0.06685
0.99688 0.00041 0.00099 0.00114 0.00042 0.00010
0.01251 0.01996 0.24576 0.45388 0.19936 0.06848
0.99686 0.00043 0.00099 0.00113 0.00043 0.00010
0.01261 0.01971 0.23827 0.46059 0.20019 0.06857
0.99685 0.00044 0.00100 0.00111 0.00043 0.00010
0.01271 0.02037 0.23523 0.46151 0.20195 0.06816
0.99684 0.00045 0.00099 0.00112 0.00043 0.00010
0.01258 0.02062 0.24439 0.45199 0.20279 0.06756
0.99677 0.00051 0.00098 0.00113 0.00043 0.00010
0.01251 0.02055 0.24436 0.45165 0.20236 0.06850
0.99672 0.00057 0.00098 0.00113 0.00044 0.00010
0.01290 0.02095 0.24233 0.45682 0.20014 0.06680
0.99673 0.00056 0.00099 0.00113 0.00043 0.00010
0.01234 0.02091 0.24561 0.45146 0.20126 0.06835
0.99672 0.00056 0.00100 0.00113 0.00043 0.00011
0.01234 0.02163 0.23933 0.45504 0.20420 0.06739
0.99670 0.00058 0.00099 0.00113 0.00043 0.00010
0.01220 0.02179 0.23629 0.45649 0.20524 0.06793
0.99671 0.00057 0.00098 0.00113 0.00043 0.00011
0.01277 0.02158 0.23808 0.45255 0.20715 0.06781
0.99674 0.00054 0.00099 0.00112 0.00043 0.00010
0.01345 0.02105 0.23847 0.45904 0.20099 0.06695
0.99677 0.00051 0.00100 0.00112 0.00043 0.00011
0.01308 0.02127 0.23726 0.46216 0.19770 0.06847
0.99680 0.00048 0.00099 0.00112 0.00043 0.00011
0.01302 0.02172 0.23346 0.46581 0.19726 0.06867
0.99683 0.00046 0.00099 0.00112 0.00044 0.00011
0.01330 0.02172 0.23370 0.46781 0.19538 0.06802
0.99688 0.00042 0.00099 0.00112 0.00043 0.00011
0.01375 0.02170 0.23291 0.46542 0.19806 0.06810
0.99689 0.00041 0.00099 0.00111 0.00044 0.00011
0.01374 0.02197 0.23362 0.46065 0.20103 0.06893
0.99687 0.00043 0.00099 0.00110 0.00044 0.00011
0.01377 0.02201 0.24205 0.45101 0.20248 0.06863
0.99686 0.00044 0.00100 0.00110 0.00044 0.00011
0.01386 0.02103 0.24440 0.44883 0.20263 0.06918
0.99687 0.00042 0.00099 0.00110 0.00045 0.00011
0.01350 0.02218 0.24122 0.45451 0.19923 0.06929
0.99683 0.00046 0.00099 0.00110 0.00044 0.00011
0.01363 0.02311 0.23654 0.46026 0.19802 0.06838
0.99675 0.00054 0.00099 0.00110 0.00044 0.00011
0.01361 0.02303 0.23747 0.45967 0.19715 0.06900
0.99674 0.00055 0.00100 0.00109 0.00044 0.00011
0.01400 0.02226 0.23871 0.45226 0.20262 0.07009
0.99677 0.00052 0.00101 0.00109 0.00044 0.00011
0.01393 0.02274 0.23368 0.45398 0.20645 0.06915
0.99670 0.00060 0.00100 0.00110 0.00043 0.00011
0.01445 0.02237 0.23875 0.45074 0.20426 0.06937
0.99669 0.00061 0.00098 0.00112 0.00043 0.00011
0.01418 0.02290 0.24310 0.44987 0.20055 0.06934
0.99674 0.00055 0.00099 0.00111 0.00043 0.00011
0.01436 0.02295 0.23740 0.45081 0.20556 0.06885
0.99674 0.00055 0.00100 0.00109 0.00044 0.00011
0.01377 0.02335 0.23513 0.45067 0.20815 0.06886
0.99676 0.00054 0.00100 0.00109 0.00043 0.00011
0.01399 0.02353 0.23669 0.44866 0.20697 0.07010
0.99683 0.00048 0.00099 0.00111 0.00043 0.00011
0.01336 0.02474 0.23799 0.44640 0.20719 0.07026
0.99687 0.00043 0.00098 0.00113 0.00042 0.00011
0.01363 0.02473 0.24062 0.44970 0.20311 0.06814
0.99687 0.00043 0.00100 0.00110 0.00041 0.00011
0.01387 0.02488 0.23720 0.45141 0.20295 0.06962
0.99688 0.00042 0.00101 0.00109 0.00042 0.00011
0.01383 0.02475 0.23422 0.44963 0.20770 0.06979
0.99689 0.00041 0.00100 0.00110 0.00042 0.00011
0.01440 0.02504 0.23398 0.44880 0.20719 0.07053
0.99689 0.00041 0.00099 0.00111 0.00042 0.00011
0.01465 0.02484 0.23532 0.44888 0.20620 0.07004
0.99685 0.00045 0.00100 0.00111 0.00041 0.00011
0.01509 0.02444 0.23741 0.44611 0.20657 0.07033
0.99681 0.00049 0.00099 0.00111 0.00041 0.00011
0.01556 0.02433 0.24069 0.44711 0.20284 0.06940
0.99679 0.00051 0.00098 0.00112 0.00042 0.00011
0.01584 0.02359 0.24364 0.44959 0.19766 0.06961
0.99676 0.00054 0.00100 0.00110 0.00042 0.00012
0.01579 0.02417 0.23891 0.45275 0.19772 0.07059
0.99671 0.00059 0.00100 0.00110 0.00042 0.00012
0.01598 0.02411 0.23844 0.44952 0.20334 0.06853
0.99670 0.00058 0.00099 0.00111 0.00042 0.00012
0.01601 0.02412 0.24110 0.44045 0.20727 0.07097
0.99672 0.00057 0.00099 0.00112 0.00041 0.00012
0.01564 0.02462 0.24148 0.44352 0.20458 0.07008
0.99670 0.00059 0.00099 0.00111 0.00041 0.00012
0.01579 0.02490 0.23653 0.44568 0.20737 0.06966
0.99672 0.00057 0.00100 0.00110 0.00041 0.00012
0.01571 0.02526 0.23615 0.44151 0.21132 0.06998
0.99678 0.00051 0.00100 0.00110 0.00041 0.00012
0.01556 0.02545 0.23554 0.44506 0.20840 0.06991
0.99680 0.00050 0.00099 0.00110 0.00042 0.00012
0.01607 0.02521 0.23395 0.44757 0.20629 0.07083
0.99684 0.00046 0.00100 0.00109 0.00042 0.00012
0.01621 0.02477 0.23786 0.44974 0.20159 0.06977
0.99689 0.00042 0.00100 0.00110 0.00041 0.00012
0.01625 0.02509 0.23862 0.45276 0.19598 0.07122
0.99690 0.00041 0.00099 0.00111 0.00040 0.00012
0.01596 0.02522 0.23529 0.45673 0.19573 0.07099
0.99689 0.00042 0.00099 0.00111 0.00040 0.00012
0.01576 0.02566 0.23935 0.45463 0.19366 0.07087
0.99688 0.00042 0.00099 0.00110 0.00041 0.00012
0.01582 0.02581 0.24216 0.44450 0.20053 0.07111
0.99686 0.00045 0.00101 0.00109 0.00040 0.00012
0.01607 0.02614 0.23315 0.45053 0.20343 0.07060
0.99682 0.00048 0.00099 0.00111 0.00040 0.00012
0.01590 0.02581 0.22889 0.45215 0.20656 0.07062
0.99679 0.00052 0.00098 0.00112 0.00040 0.00012
0.01617 0.02578 0.23624 0.44192 0.20989 0.06994
0.99675 0.00055 0.00098 0.00112 0.00041 0.00012
0.01599 0.02717 0.23630 0.44367 0.20516 0.07164
0.99671 0.00059 0.00099 0.00111 0.00041 0.00012
0.01649 0.02653 0.23062 0.44878 0.20634 0.07118
0.99668 0.00062 0.00099 0.00111 0.00041 0.00012
0.01623 0.02653 0.22931 0.44916 0.20720 0.07151
0.99669 0.00061 0.00099 0.00110 0.00042 0.00012
0.01591 0.02765 0.22872 0.44764 0.20916 0.07086
0.99672 0.00058 0.00100 0.00109 0.00042 0.00012
0.01591 0.02753 0.22880 0.44731 0.20934 0.07104
0.99670 0.00060 0.00099 0.00110 0.00042 0.00012
0.01645 0.02793 0.23118 0.44442 0.20789 0.07204
0.99673 0.00057 0.00098 0.00110 0.00043 0.00012
0.01617 0.02808 0.22944 0.44579 0.20746 0.07298
0.99683 0.00048 0.00099 0.00108 0.00043 0.00012
0.01636 0.02763 0.23198 0.44313 0.20807 0.07276
0.99689 0.00042 0.00099 0.00107 0.00043 0.00012
0.01692 0.02812 0.23999 0.43828 0.20504 0.07159
0.99689 0.00043 0.00099 0.00107 0.00043 0.00012
0.01677 0.02816 0.23567 0.43761 0.20817 0.07354
0.99688 0.00043 0.00099 0.00106 0.00043 0.00012
0.01693 0.02829 0.22491 0.44377 0.21441 0.07162
0.99689 0.00042 0.00099 0.00107 0.00043 0.00012
0.01650 0.02907 0.22640 0.43903 0.21616 0.07278
0.99691 0.00040 0.00099 0.00108 0.00042 0.00012
0.01650 0.02845 0.23602 0.42882 0.21869 0.07144
0.99687 0.00045 0.00099 0.00108 0.00042 0.00012
0.01717 0.02803 0.24012 0.42719 0.21533 0.07209
0.99681 0.00050 0.00099 0.00108 0.00042 0.00012
0.01766 0.02780 0.23221 0.43838 0.21301 0.07087
0.99680 0.00052 0.00099 0.00107 0.00043 0.00012
0.01742 0.02795 0.23066 0.44124 0.21037 0.07228
0.99681 0.00050 0.00099 0.00108 0.00043 0.00012
0.01784 0.02761 0.23473 0.43678 0.21137 0.07160
0.99673 0.00058 0.00099 0.00108 0.00042 0.00012
0.01755 0.02810 0.23125 0.44125 0.21005 0.07173
0.99667 0.00064 0.00099 0.00108 0.00042 0.00012
0.01747 0.02810 0.23240 0.43917 0.21075 0.07204
0.99670 0.00061 0.00099 0.00109 0.00042 0.00012
0.01713 0.02821 0.23690 0.43355 0.21206 0.07207
0.99673 0.00058 0.00099 0.00109 0.00041 0.00012
0.01750 0.02855 0.23454 0.43851 0.20913 0.07171
0.99673 0.00058 0.00101 0.00107 0.00042 0.00012
0.01714 0.02910 0.23736 0.43584 0.20826 0.07223
0.99675 0.00056 0.00100 0.00107 0.00042 0.00012
0.01768 0.02838 0.24383 0.43133 0.20747 0.07123
0.99679 0.00052 0.00099 0.00107 0.00042 0.00012
0.01785 0.02783 0.24315 0.43185 0.20811 0.07113
0.99684 0.00048 0.00099 0.00108 0.00042 0.00012
0.01780 0.02800 0.23895 0.43341 0.21034 0.07142
0.99685 0.00047 0.00100 0.00106 0.00042 0.00012
0.01780 0.02868 0.23606 0.43139 0.21455 0.07145
0.99687 0.00045 0.00099 0.00107 0.00042 0.00012
0.01772 0.02836 0.23877 0.42860 0.21508 0.07139
0.99691 0.00041 0.00098 0.00107 0.00043 0.00012
0.01790 0.02806 0.23874 0.43068 0.21332 0.07122
0.99691 0.00041 0.00099 0.00106 0.00043 0.00012
0.01886 0.02757 0.23512 0.43746 0.21038 0.07053
0.99687 0.00046 0.00100 0.00105 0.00043 0.00012
0.01840 0.02772 0.23403 0.43953 0.20901 0.07124
0.99682 0.00050 0.00099 0.00106 0.00043 0.00012
0.01821 0.02832 0.23665 0.43863 0.20740 0.07070
0.99681 0.00051 0.00098 0.00107 0.00043 0.00012
0.01868 0.02834 0.23536 0.43669 0.20992 0.07092
0.99678 0.00054 0.00098 0.00107 0.00043 0.00012
0.01824 0.02868 0.23267 0.43727 0.21194 0.07113
0.99672 0.00059 0.00099 0.00107 0.00043 0.00012
0.01811 0.02862 0.23674 0.43362 0.21051 0.07231
0.99671 0.00060 0.00099 0.00107 0.00042 0.00012
0.01820 0.02843 0.23769 0.43427 0.21010 0.07124
0.99672 0.00059 0.00099 0.00109 0.00041 0.00012
0.01825 0.02798 0.23410 0.43804 0.20962 0.07193
0.99671 0.00060 0.00099 0.00108 0.00042 0.00012
0.01854 0.02774 0.23544 0.43737 0.20947 0.07136
0.99670 0.00062 0.00099 0.00108 0.00042 0.00012
0.01864 0.02833 0.23483 0.43410 0.21213 0.07188
0.99676 0.00055 0.00100 0.00108 0.00041 0.00012
0.01839 0.02757 0.23527 0.43646 0.21114 0.07109
0.99681 0.00051 0.00100 0.00107 0.00041 0.00012
0.01874 0.02719 0.23807 0.43600 0.20786 0.07206
0.99683 0.00049 0.00099 0.00107 0.00042 0.00012
0.01963 0.02728 0.23957 0.43343 0.20918 0.07082
0.99685 0.00047 0.00098 0.00107 0.00042 0.00012
0.01920 0.02795 0.23897 0.43425 0.20719 0.07236
0.99688 0.00045 0.00100 0.00106 0.00041 0.00012
0.01938 0.02799 0.23713 0.43898 0.20430 0.07214
0.99690 0.00043 0.00101 0.00105 0.00041 0.00012
0.01975 0.02824 0.23908 0.43369 0.20759 0.07156
0.99689 0.00043 0.00099 0.00107 0.00041 0.00012
0.01964 0.02780 0.23907 0.43483 0.20600 0.07258
0.99686 0.00046 0.00099 0.00107 0.00041 0.00012
0.01975 0.02794 0.23587 0.43750 0.20623 0.07264
0.99683 0.00049 0.00100 0.00107 0.00041 0.00012
0.02019 0.02778 0.23554 0.43621 0.20731 0.07287
0.99680 0.00052 0.00101 0.00107 0.00041 0.00012
0.02007 0.02744 0.23718 0.43721 0.20562 0.07239
0.99677 0.00055 0.00101 0.00106 0.00040 0.00012
0.02049 0.02751 0.24095 0.43407 0.20477 0.07213
0.99674 0.00057 0.00101 0.00107 0.00040 0.00012
0.01997 0.02797 0.23650 0.43857 0.20394 0.07297
0.99670 0.00061 0.00100 0.00107 0.00041 0.00012
0.02003 0.02875 0.23205 0.43813 0.20766 0.07329
0.99668 0.00064 0.00100 0.00107 0.00042 0.00012
0.02078 0.02766 0.23492 0.43490 0.20879 0.07287
0.99672 0.00060 0.00101 0.00104 0.00042 0.00012
0.02100 0.02759 0.23266 0.43680 0.20870 0.07317
0.99674 0.00058 0.00101 0.00104 0.00042 0.00012
0.02064 0.02843 0.23585 0.43167 0.21097 0.07235
0.99674 0.00058 0.00100 0.00106 0.00042 0.00012
0.02068 0.02780 0.23986 0.42560 0.21366 0.07232
0.99680 0.00053 0.00100 0.00105 0.00041 0.00012
0.02127 0.02782 0.23539 0.43134 0.21192 0.07218
0.99685 0.00048 0.00102 0.00103 0.00042 0.00012
0.02027 0.02832 0.23343 0.43427 0.21021 0.07341
0.99686 0.00047 0.00102 0.00102 0.00043 0.00012
0.02101 0.02805 0.23464 0.43242 0.21107 0.07272
0.99687 0.00046 0.00101 0.00103 0.00043 0.00012
0.02083 0.02807 0.23396 0.43284 0.21106 0.07315
0.99690 0.00043 0.00101 0.00103 0.00042 0.00012
0.02028 0.02872 0.23652 0.43273 0.20863 0.07303
0.99689 0.00044 0.00102 0.00102 0.00043 0.00012
0.02015 0.02937 0.23539 0.43105 0.21114 0.07281
0.99687 0.00045 0.00102 0.00101 0.00043 0.00013
0.02067 0.02878 0.23331 0.42908 0.21343 0.07464
0.99682 0.00050 0.00101 0.00104 0.00042 0.00012
0.02123 0.02810 0.23534 0.43366 0.20858 0.07301
0.99676 0.00056 0.00101 0.00104 0.00041 0.00012
0.02166 0.02740 0.23493 0.43454 0.20759 0.07379
0.99674 0.00058 0.00103 0.00102 0.00042 0.00012
0.02195 0.02685 0.23503 0.43340 0.20819 0.07449
0.99672 0.00060 0.00103 0.00101 0.00042 0.00013
0.02214 0.02713 0.23351 0.43155 0.21127 0.07432
0.99669 0.00063 0.00102 0.00103 0.00042 0.00012
0.02248 0.02715 0.23586 0.43014 0.21039 0.07389
0.99668 0.00064 0.00102 0.00103 0.00042 0.00012
0.02154 0.02753 0.23844 0.42699 0.21088 0.07453
0.99670 0.00062 0.00102 0.00103 0.00042 0.00013
0.02178 0.02772 0.23540 0.42899 0.21176 0.07427
0.99673 0.00059 0.00102 0.00103 0.00042 0.00012
0.02183 0.02785 0.23330 0.42948 0.21275 0.07470
0.99673 0.00060 0.00102 0.00103 0.00042 0.00012
0.02143 0.02841 0.23487 0.42734 0.21355 0.07430
0.99676 0.00057 0.00102 0.00102 0.00042 0.00012
0.02141 0.02906 0.23979 0.42638 0.20849 0.07478
0.99682 0.00050 0.00103 0.00101 0.00042 0.00012
0.02088 0.02958 0.23697 0.42644 0.21141 0.07464
0.99686 0.00047 0.00101 0.00102 0.00042 0.00013
0.02169 0.02918 0.23514 0.42775 0.21178 0.07436
0.99688 0.00045 0.00101 0.00103 0.00042 0.00012
0.02234 0.02827 0.23512 0.42853 0.21084 0.07481
0.99689 0.00044 0.00101 0.00102 0.00042 0.00012
0.02208 0.02874 0.23349 0.42858 0.21284 0.07418
0.99689 0.00044 0.00101 0.00102 0.00042 0.00013
0.02179 0.02968 0.23299 0.42819 0.21264 0.07462
0.99687 0.00046 0.00102 0.00102 0.00042 0.00012
0.02183 0.03007 0.23375 0.42710 0.21194 0.07521
0.99684 0.00048 0.00102 0.00102 0.00042 0.00012
0.02225 0.02979 0.23518 0.42443 0.21349 0.07477
0.99679 0.00053 0.00102 0.00103 0.00041 0.00012
0.02240 0.02977 0.23619 0.42195 0.21456 0.07503
0.99677 0.00056 0.00101 0.00103 0.00042 0.00012
0.02251 0.02951 0.23683 0.42308 0.21317 0.07481
0.99673 0.00059 0.00101 0.00103 0.00042 0.00012
0.02267 0.02936 0.23564 0.42154 0.21663 0.07407
0.99668 0.00064 0.00102 0.00102 0.00042 0.00012
0.02227 0.02998 0.23227 0.42277 0.21797 0.07465
0.99668 0.00065 0.00102 0.00102 0.00042 0.00012
0.02310 0.03057 0.23110 0.42263 0.21822 0.07428
0.99670 0.00062 0.00101 0.00103 0.00042 0.00012
0.02309 0.03029 0.23377 0.42127 0.21702 0.07446
0.99671 0.00062 0.00101 0.00102 0.00042 0.00012
0.02315 0.03031 0.23409 0.42503 0.21271 0.07463
0.99672 0.00061 0.00102 0.00101 0.00042 0.00012
0.02254 0.03066 0.23284 0.42848 0.21050 0.07489
0.99678 0.00056 0.00102 0.00100 0.00042 0.00012
0.02296 0.03063 0.23255 0.42904 0.21005 0.07468
0.99682 0.00051 0.00101 0.00102 0.00042 0.00012
0.02318 0.03057 0.23042 0.43378 0.20736 0.07460
0.99685 0.00048 0.00102 0.00101 0.00043 0.00012
0.02296 0.03029 0.22876 0.43350 0.20969 0.07471
0.99687 0.00047 0.00102 0.00100 0.00042 0.00012
0.02336 0.03050 0.22687 0.43276 0.21205 0.07437
0.99689 0.00045 0.00103 0.00100 0.00042 0.00012
0.02361 0.03024 0.22971 0.43290 0.21022 0.07323
0.99690 0.00044 0.00102 0.00101 0.00042 0.00012
0.02364 0.03031 0.23424 0.42612 0.21106 0.07453
0.99686 0.00047 0.00101 0.00102 0.00042 0.00012
0.02353 0.02986 0.23194 0.43045 0.21061 0.07352
0.99683 0.00050 0.00102 0.00101 0.00042 0.00012
0.02451 0.02961 0.22869 0.42954 0.21321 0.07435
0.99680 0.00054 0.00103 0.00100 0.00043 0.00012
0.02334 0.03036 0.22979 0.42469 0.21711 0.07461
0.99679 0.00055 0.00102 0.00100 0.00043 0.00012
0.02354 0.03067 0.22664 0.43059 0.21436 0.07410
0.99674 0.00059 0.00101 0.00101 0.00043 0.00012
0.02370 0.03008 0.22711 0.42903 0.21493 0.07505
0.99670 0.00063 0.00102 0.00100 0.00043 0.00013
0.02486 0.03008 0.22776 0.42703 0.21555 0.07462
0.99671 0.00063 0.00103 0.00099 0.00043 0.00012
0.02457 0.03038 0.23186 0.42045 0.21785 0.07481
0.99671 0.00062 0.00102 0.00099 0.00044 0.00012
0.02437 0.03054 0.23062 0.42221 0.21745 0.07471
0.99670 0.00064 0.00102 0.00100 0.00043 0.00012
0.02435 0.03028 0.22258 0.43207 0.21614 0.07450
0.99674 0.00060 0.00102 0.00100 0.00042 0.00012
0.02389 0.03108 0.22339 0.43008 0.21808 0.07339
0.99679 0.00054 0.00102 0.00101 0.00042 0.00012
0.02457 0.02993 0.22663 0.42870 0.21652 0.07355
0.99682 0.00052 0.00101 0.00101 0.00042 0.00012
0.02541 0.03030 0.22688 0.42349 0.21970 0.07414
0.99682 0.00052 0.00103 0.00100 0.00042 0.00012
0.02498 0.03182 0.22946 0.41923 0.22012 0.07429
0.99685 0.00049 0.00103 0.00099 0.00042 0.00012
0.02496 0.03141 0.22715 0.42528 0.21734 0.07375
0.99690 0.00045 0.00103 0.00098 0.00043 0.00012
0.02576 0.03057 0.22305 0.43079 0.21615 0.07358
0.99690 0.00044 0.00102 0.00098 0.00043 0.00012
0.02496 0.03143 0.22754 0.42748 0.21467 0.07382
0.99687 0.00047 0.00102 0.00099 0.00043 0.00012
0.02437 0.03221 0.22681 0.42581 0.21707 0.07364
0.99682 0.00052 0.00103 0.00098 0.00043 0.00012
0.02497 0.03130 0.22266 0.43245 0.21463 0.07390
0.99679 0.00055 0.00103 0.00098 0.00043 0.00012
0.02481 0.03175 0.22578 0.42999 0.21328 0.07429
0.99680 0.00054 0.00102 0.00099 0.00043 0.00012
0.02471 0.03228 0.22835 0.42728 0.21414 0.07314
0.99676 0.00058 0.00102 0.00100 0.00043 0.00012
0.02468 0.03270 0.22756 0.42701 0.21471 0.07326
0.99670 0.00064 0.00102 0.00100 0.00043 0.00012
0.02484 0.03262 0.22445 0.42819 0.21590 0.07389
0.99671 0.00063 0.00102 0.00100 0.00043 0.00012
0.02468 0.03313 0.22446 0.42859 0.21548 0.07357
0.99673 0.00061 0.00102 0.00100 0.00043 0.00012
0.02446 0.03335 0.22673 0.42992 0.21165 0.07379
0.99672 0.00062 0.00102 0.00100 0.00043 0.00012
0.02487 0.03282 0.22821 0.42726 0.21309 0.07366
0.99673 0.00061 0.00102 0.00100 0.00042 0.00012
0.02430 0.03339 0.22763 0.42521 0.21545 0.07392
0.99679 0.00056 0.00102 0.00100 0.00042 0.00012
0.02449 0.03308 0.22860 0.42843 0.21126 0.07404
0.99682 0.00053 0.00101 0.00099 0.00042 0.00012
0.02521 0.03249 0.22830 0.42656 0.21351 0.07384
0.99684 0.00051 0.00101 0.00100 0.00042 0.00012
0.02506 0.03260 0.22530 0.42645 0.21623 0.07427
0.99687 0.00048 0.00101 0.00100 0.00042 0.00012
0.02510 0.03289 0.23122 0.42183 0.21579 0.07306
0.99689 0.00046 0.00101 0.00101 0.00042 0.00013
0.02550 0.03278 0.23100 0.42012 0.21570 0.07481
0.99689 0.00046 0.00101 0.00100 0.00042 0.00013
0.02628 0.03238 0.22499 0.42813 0.21496 0.07317
0.99685 0.00050 0.00101 0.00100 0.00041 0.00013
0.02521 0.03282 0.22726 0.42660 0.21334 0.07468
0.99683 0.00052 0.00101 0.00101 0.00041 0.00013
0.02572 0.03191 0.23168 0.42336 0.21354 0.07369
0.99681 0.00054 0.00100 0.00100 0.00042 0.00013
0.02546 0.03244 0.23178 0.42058 0.21560 0.07403
0.99679 0.00056 0.00101 0.00100 0.00042 0.00013
0.02587 0.03281 0.22768 0.42750 0.21251 0.07353
0.99673 0.00062 0.00102 0.00099 0.00042 0.00013
0.02563 0.03222 0.22934 0.42599 0.21199 0.07473
0.99671 0.00064 0.00101 0.00098 0.00043 0.00013
0.02586 0.03219 0.23704 0.41420 0.21484 0.07575
0.99671 0.00064 0.00101 0.00099 0.00042 0.00013
0.02576 0.03283 0.23443 0.41921 0.21236 0.07531
0.99670 0.00065 0.00102 0.00097 0.00043 0.00013
0.02541 0.03347 0.22892 0.42553 0.21115 0.07542
0.99671 0.00064 0.00101 0.00098 0.00044 0.00013
0.02569 0.03241 0.23230 0.41949 0.21403 0.07597
0.99675 0.00059 0.00101 0.00098 0.00043 0.00013
0.02593 0.03273 0.23130 0.42040 0.21394 0.07560
0.99679 0.00056 0.00102 0.00096 0.00044 0.00013
0.02598 0.03259 0.23020 0.41917 0.21593 0.07603
0.99681 0.00055 0.00101 0.00097 0.00043 0.00013
0.02524 0.03317 0.23350 0.41714 0.21553 0.07533
0.99685 0.00050 0.00101 0.00098 0.00043 0.00013
0.02529 0.03305 0.23565 0.41392 0.21637 0.07562
0.99688 0.00047 0.00102 0.00096 0.00043 0.00013
0.02536 0.03295 0.23173 0.41890 0.21582 0.07514
0.99689 0.00047 0.00100 0.00098 0.00043 0.00013
0.02600 0.03312 0.23185 0.41614 0.21751 0.07527
0.99689 0.00047 0.00101 0.00097 0.00043 0.00013
0.02618 0.03273 0.23992 0.40566 0.22014 0.07528
0.99689 0.00047 0.00101 0.00097 0.00043 0.00013
0.02603 0.03333 0.24011 0.40710 0.21835 0.07497
0.99688 0.00048 0.00101 0.00098 0.00043 0.00013
0.02676 0.03269 0.23507 0.41067 0.21996 0.07475
0.99681 0.00054 0.00100 0.00099 0.00043 0.00013
0.02649 0.03341 0.23369 0.41153 0.21939 0.07539
0.99674 0.00060 0.00101 0.00099 0.00042 0.00013
0.02603 0.03371 0.23336 0.40962 0.22228 0.07489
0.99672 0.00063 0.00101 0.00099 0.00042 0.00013
0.02588 0.03303 0.23538 0.40904 0.22186 0.07470
0.99674 0.00061 0.00101 0.00099 0.00042 0.00013
0.02602 0.03299 0.24070 0.40605 0.21862 0.07552
0.99670 0.00065 0.00101 0.00098 0.00043 0.00013
0.02685 0.03310 0.23801 0.40556 0.22046 0.07592
0.99664 0.00071 0.00100 0.00099 0.00042 0.00013
0.02754 0.03249 0.23468 0.40826 0.22179 0.07514
0.99669 0.00066 0.00100 0.00099 0.00042 0.00013
0.02716 0.03337 0.23424 0.40829 0.22252 0.07432
0.99677 0.00058 0.00102 0.00097 0.00043 0.00013
0.02729 0.03350 0.23679 0.40501 0.22207 0.07524
0.99678 0.00058 0.00103 0.00097 0.00042 0.00013
0.02636 0.03490 0.23547 0.40545 0.22343 0.07428
0.99678 0.00058 0.00101 0.00097 0.00042 0.00013
0.02714 0.03536 0.23089 0.40789 0.22329 0.07532
0.99684 0.00052 0.00101 0.00097 0.00043 0.00013
0.02669 0.03586 0.23505 0.40211 0.22495 0.07524
0.99691 0.00045 0.00103 0.00095 0.00043 0.00013
0.02667 0.03550 0.23562 0.40113 0.22461 0.07637
0.99693 0.00043 0.00103 0.00094 0.00043 0.00013
0.02659 0.03535 0.23053 0.40992 0.22174 0.07577
0.99689 0.00048 0.00102 0.00095 0.00043 0.00013
0.02615 0.03545 0.23446 0.40855 0.21907 0.07622
0.99686 0.00050 0.00102 0.00095 0.00043 0.00013
0.02732 0.03603 0.23628 0.40935 0.21500 0.07592
0.99686 0.00050 0.00104 0.00094 0.00043 0.00013
0.02675 0.03613 0.23206 0.41233 0.21694 0.07568
0.99686 0.00049 0.00104 0.00094 0.00043 0.00013
0.02672 0.03656 0.22743 0.41720 0.21504 0.07694
0.99680 0.00056 0.00102 0.00095 0.00043 0.00013
0.02638 0.03674 0.23180 0.41287 0.21577 0.07635
0.99673 0.00063 0.00104 0.00094 0.00043 0.00013
0.02595 0.03660 0.23475 0.40331 0.22250 0.07678
0.99673 0.00063 0.00104 0.00093 0.00043 0.00013
0.02565 0.03779 0.23376 0.40328 0.22299 0.07642
0.99674 0.00062 0.00102 0.00095 0.00043 0.00013
0.02484 0.03924 0.22741 0.41335 0.21803 0.07702
0.99669 0.00067 0.00102 0.00096 0.00043 0.00013
0.02519 0.03863 0.22567 0.41793 0.21586 0.07660
0.99669 0.00068 0.00104 0.00094 0.00043 0.00013
0.02517 0.03819 0.23566 0.40899 0.21512 0.07676
0.99674 0.00062 0.00103 0.00094 0.00043 0.00013
0.02486 0.03888 0.23335 0.41045 0.21553 0.07682
0.99679 0.00057 0.00102 0.00096 0.00042 0.00013
0.02503 0.03839 0.22454 0.41764 0.21700 0.07728
0.99680 0.00056 0.00103 0.00095 0.00042 0.00013
0.02592 0.03775 0.22926 0.41629 0.21429 0.07638
0.99683 0.00053 0.00103 0.00094 0.00043 0.00013
0.02562 0.03837 0.23456 0.41090 0.21300 0.07744
0.99689 0.00048 0.00103 0.00094 0.00043 0.00013
0.02559 0.03838 0.23202 0.41318 0.21410 0.07663
0.99692 0.00045 0.00103 0.00094 0.00042 0.00013
0.02631 0.03834 0.22731 0.41616 0.21426 0.07750
0.99690 0.00046 0.00103 0.00095 0.00042 0.00013
0.02652 0.03781 0.23093 0.41102 0.21635 0.07726
0.99687 0.00050 0.00102 0.00096 0.00042 0.00013
0.02630 0.03787 0.23509 0.40648 0.21674 0.07742
0.99685 0.00052 0.00103 0.00094 0.00042 0.00013
0.02688 0.03772 0.23171 0.40926 0.21762 0.07671
0.99684 0.00053 0.00103 0.00094 0.00042 0.00013
0.02720 0.03829 0.23078 0.40956 0.21660 0.07746
0.99681 0.00056 0.00102 0.00095 0.00042 0.00013
0.02677 0.03928 0.23614 0.40480 0.21609 0.07681
0.99674 0.00063 0.00102 0.00095 0.00042 0.00013
0.02679 0.03823 0.23167 0.40835 0.21749 0.07736
0.99670 0.00066 0.00103 0.00095 0.00042 0.00013
0.02735 0.03753 0.23114 0.40789 0.21880 0.07718
0.99674 0.00062 0.00103 0.00095 0.00042 0.00013
0.02721 0.03798 0.23245 0.40558 0.21918 0.07748
0.99674 0.00062 0.00102 0.00095 0.00042 0.00013
0.02715 0.03773 0.23119 0.40775 0.21821 0.07786
0.99669 0.00067 0.00102 0.00095 0.00043 0.00013
0.02763 0.03793 0.23325 0.40619 0.21681 0.07808
