1.00000 0.00000
0.00000 1.00000
0.99325 0.00675
0.00675 0.99325
0.97367 0.02633
0.02633 0.97367
0.94321 0.05679
0.05679 0.94321
0.90461 0.09539
0.09539 0.90461
0.86126 0.13874
0.13874 0.86126
0.81732 0.18268
0.18268 0.81732
0.77796 0.22204
0.22204 0.77796
0.74893 0.25107
0.25107 0.74893
0.73510 0.26490
0.26490 0.73510
0.73859 0.26141
0.26141 0.73859
0.75737 0.24262
0.24262 0.75737
0.78533 0.21467
0.21467 0.78533
0.81359 0.18641
0.18641 0.81359
0.83293 0.16706
0.16706 0.83293
0.83684 0.16316
0.16316 0.83684
0.82367 0.17633
0.17633 0.82367
0.79637 0.20363
0.20363 0.79637
0.76037 0.23962
0.23962 0.76037
0.72156 0.27843
0.27843 0.72156
0.68491 0.31508
0.31508 0.68491
0.65375 0.34625
0.34625 0.65375
0.62947 0.37052
0.37052 0.62947
0.61177 0.38822
0.38822 0.61177
0.59932 0.40068
0.40068 0.59932
0.59068 0.40931
0.40931 0.59068
0.58502 0.41498
0.41498 0.58502
0.58226 0.41774
0.41774 0.58226
0.58298 0.41702
0.41702 0.58298
0.58790 0.41209
0.41209 0.58790
0.59717 0.40283
0.40283 0.59717
0.60996 0.39004
0.39004 0.60996
0.62481 0.37519
0.37519 0.62481
0.64035 0.35964
0.35964 0.64035
0.65583 0.34416
0.34416 0.65583
0.67096 0.32903
0.32903 0.67096
0.68537 0.31463
0.31463 0.68537
0.69805 0.30194
0.30194 0.69805
0.70703 0.29296
0.29296 0.70703
0.70914 0.29085
0.29085 0.70914
0.70057 0.29942
0.29942 0.70057
0.67871 0.32128
0.32128 0.67871
0.64476 0.35523
0.35523 0.64476
0.60486 0.39513
0.39513 0.60486
0.56831 0.43168
0.43168 0.56831
0.54412 0.45586
0.45586 0.54412
0.53810 0.46189
0.46189 0.53810
0.55174 0.44825
0.44825 0.55174
0.58319 0.41680
0.41680 0.58319
0.62865 0.37134
0.37134 0.62865
0.68328 0.31671
0.31671 0.68328
0.74123 0.25876
0.25876 0.74123
0.79573 0.20426
0.20426 0.79573
0.83999 0.16000
0.16000 0.83999
0.86933 0.13066
0.13066 0.86933
0.88332 0.11667
0.11667 0.88332
0.88528 0.11471
0.11471 0.88528
0.87884 0.12115
0.12115 0.87884
0.86556 0.13442
0.13442 0.86556
0.84557 0.15441
0.15441 0.84557
0.81962 0.18036
0.18036 0.81962
0.79035 0.20963
0.20963 0.79035
0.76213 0.23786
0.23786 0.76213
0.74002 0.25997
0.25997 0.74002
0.72869 0.27129
0.27129 0.72869
0.73126 0.26873
0.26873 0.73126
0.74788 0.25210
0.25210 0.74788
0.77481 0.22517
0.22517 0.77481
0.80499 0.19500
0.19500 0.80499
0.83045 0.16953
0.16953 0.83045
0.84560 0.15438
0.15438 0.84560