1.00000 0.00000
0.00000 1.00000
0.99990 0.00010
0.00010 0.99990
0.99958 0.00042
0.00042 0.99958
0.99905 0.00095
0.00095 0.99905
0.99830 0.00170
0.00170 0.99830
0.99735 0.00265
0.00265 0.99735
0.99618 0.00382
0.00382 0.99618
0.99480 0.00520
0.00520 0.99480
0.99320 0.00680
0.00680 0.99320
0.99140 0.00860
0.00860 0.99140
0.98939 0.01061
0.01061 0.98939
0.98716 0.01284
0.01284 0.98716
0.98473 0.01527
0.01527 0.98473
0.98209 0.01790
0.01790 0.98209
0.97925 0.02075
0.02075 0.97925
0.97620 0.02380
0.02380 0.97620
0.97295 0.02705
0.02705 0.97295
0.96950 0.03050
0.03050 0.96950
0.96584 0.03416
0.03416 0.96584
0.96199 0.03801
0.03801 0.96199
0.95794 0.04206
0.04206 0.95794
0.95369 0.04631
0.04631 0.95369
0.94925 0.05075
0.05075 0.94925
0.94462 0.05538
0.05538 0.94462
0.93979 0.06021
0.06021 0.93979
0.93478 0.06522
0.06522 0.93478
0.92959 0.07041
0.07041 0.92959
0.92421 0.07579
0.07579 0.92421
0.91864 0.08135
0.08135 0.91864
0.91290 0.08709
0.08709 0.91290
0.90699 0.09301
0.09301 0.90699
0.90090 0.09910
0.09910 0.90090
0.89464 0.10536
0.10536 0.89464
0.88821 0.11179
0.11179 0.88821
0.88161 0.11839
0.11839 0.88161
0.87485 0.12515
0.12515 0.87485
0.86793 0.13206
0.13206 0.86793
0.86086 0.13914
0.13914 0.86086
0.85362 0.14637
0.14637 0.85362
0.84624 0.15375
0.15375 0.84624
0.83871 0.16128
0.16128 0.83871
0.83104 0.16896
0.16896 0.83104
0.82322 0.17677
0.17677 0.82322
0.81527 0.18473
0.18473 0.81527
0.80718 0.19282
0.19282 0.80718
0.79896 0.20104
0.20104 0.79896
0.79061 0.20938
0.20938 0.79061
0.78214 0.21785
0.21785 0.78214
0.77355 0.22645
0.22645 0.77355
0.76484 0.23516
0.23516 0.76484
0.75602 0.24398
0.24398 0.75602
0.74709 0.25291
0.25291 0.74709
0.73805 0.26195
0.26195 0.73805
0.72891 0.27109
0.27109 0.72891
0.71967 0.28032
0.28032 0.71967
0.71034 0.28965
0.28965 0.71034
0.70092 0.29907
0.29907 0.70092
0.69142 0.30858
0.30858 0.69142
0.68183 0.31817
0.31817 0.68183
0.67216 0.32783
0.32783 0.67216
0.66242 0.33757
0.33757 0.66242
0.65261 0.34738
0.34738 0.65261
0.64274 0.35726
0.35726 0.64274
0.63280 0.36719
0.36719 0.63280
0.62281 0.37718
0.37718 0.62281
0.61277 0.38723
0.38723 0.61277
0.60268 0.39732
0.39732 0.60268
0.59254 0.40746
0.40746 0.59254
0.58236 0.41763
0.41763 0.58236
0.57215 0.42784
0.42784 0.57215
0.56191 0.43808
0.43808 0.56191
0.55164 0.44835
0.44835 0.55164
0.54135 0.45864
0.45864 0.54135
0.53104 0.46895
0.46895 0.53104
0.52072 0.47927
0.47927 0.52072
0.51039 0.48960
0.48960 0.51039
0.50006 0.49994
0.49994 0.50006
0.48972 0.51027
0.51027 0.48972
0.47939 0.52060
0.52060 0.47939
0.46907 0.53092
0.53092 0.46907
0.45876 0.54123
0.54123 0.45876
0.44847 0.55152
0.55152 0.44847
0.43820 0.56179
0.56179 0.43820
0.42796 0.57203
0.57203 0.42796
0.41775 0.58224
0.58224 0.41775
0.40757 0.59242
0.59242 0.40757
0.39744 0.60256
0.60256 0.39744
0.38735 0.61265
0.61265 0.38735
0.37730 0.62269
0.62269 0.37730
0.36731 0.63268
0.63268 0.36731
0.35737 0.64262
0.64262 0.35737
0.34750 0.65250
0.65250 0.34750
0.33769 0.66230
0.66230 0.33769
0.32795 0.67204
0.67204 0.32795
0.31828 0.68171
0.68171 0.31828
0.30869 0.69130
0.69130 0.30869
0.29918 0.70081
0.70081 0.29918
0.28976 0.71023
0.71023 0.28976
0.28043 0.71956
0.71956 0.28043
0.27119 0.72880
0.72880 0.27119
0.26205 0.73794
0.73794 0.26205
