1.00000 0.00000
0.00000 1.00000
0.99941 0.00059
0.00059 0.99941
0.99764 0.00236
0.00236 0.99764
0.99468 0.00532
0.00532 0.99468
0.99054 0.00946
0.00946 0.99054
0.98524 0.01476
0.01476 0.98524
0.97878 0.02122
0.02122 0.97878
0.97118 0.02882
0.02882 0.97118
0.96246 0.03754
0.03754 0.96246
0.95264 0.04736
0.04736 0.95264
0.94175 0.05825
0.05825 0.94175
0.92980 0.07020
0.07020 0.92980
0.91683 0.08317
0.08317 0.91683
0.90287 0.09713
0.09713 0.90287
0.88795 0.11205
0.11205 0.88795
0.87210 0.12789
0.12789 0.87210
0.85538 0.14462
0.14462 0.85538
0.83780 0.16220
0.16220 0.83780
0.81942 0.18057
0.18057 0.81942
0.80029 0.19971
0.19971 0.80029
0.78043 0.21956
0.21956 0.78043
0.75991 0.24008
0.24008 0.75991
0.73878 0.26122
0.26122 0.73878
0.71707 0.28293
0.28293 0.71707
0.69485 0.30515
0.30515 0.69485
0.67216 0.32783
0.32783 0.67216
0.64907 0.35093
0.35093 0.64907
0.62562 0.37438
0.37438 0.62562
0.60187 0.39813
0.39813 0.60187
0.57788 0.42212
0.42212 0.57788
0.55370 0.44630
0.44630 0.55370
0.52939 0.47060
0.47060 0.52939
0.50502 0.49498
0.49498 0.50502
0.48063 0.51936
0.51936 0.48063
0.45629 0.54370
0.54370 0.45629
0.43206 0.56794
0.56794 0.43206
0.40798 0.59201
0.59201 0.40798
0.38413 0.61587
0.61587 0.38413
0.36055 0.63945
0.63945 0.36055
0.33730 0.66270
0.66270 0.33730
0.31444 0.68556
0.68556 0.31444
0.29202 0.70798
0.70798 0.29202
0.27009 0.72990
0.72990 0.27009
0.24871 0.75128
0.75128 0.24871
0.22793 0.77206
0.77206 0.22793
0.20780 0.79219
0.79219 0.20780
0.18836 0.81163
0.81163 0.18836
0.16967 0.83033
0.83033 0.16967
0.15176 0.84824
0.84824 0.15176
0.13468 0.86532
0.86532 0.13468
0.11847 0.88153
0.88153 0.11847
0.10316 0.89683
0.89683 0.10316
0.08880 0.91119
0.91119 0.08880
0.07542 0.92458
0.92458 0.07542
0.06305 0.93695
0.93695 0.06305
0.05172 0.94828
0.94828 0.05172
0.04145 0.95855
0.95855 0.04145
0.03228 0.96772
0.96772 0.03228
0.02421 0.97578
0.97578 0.02421
0.01728 0.98271
0.98271 0.01728
0.01150 0.98849
0.98849 0.01150
0.00688 0.99311
0.99311 0.00688
0.00344 0.99656
0.99656 0.00344
0.00118 0.99882
0.99882 0.00118
0.00010 0.99990
0.99990 0.00010
0.00021 0.99979
0.99979 0.00021
0.00150 0.99849
0.99849 0.00150
0.00399 0.99601
0.99601 0.00399
0.00765 0.99235
0.99235 0.00765
0.01248 0.98751
0.98751 0.01248
0.01848 0.98152
0.98152 0.01848
0.02562 0.97438
0.97438 0.02562
0.03389 0.96611
0.96611 0.03389
0.04326 0.95673
0.95673 0.04326
0.05373 0.94627
0.94627 0.05373
0.06525 0.93474
0.93474 0.06525
0.07781 0.92218
0.92218 0.07781
0.09138 0.90862
0.90862 0.09138
0.10591 0.89408
0.89408 0.10591
0.12139 0.87860
0.87860 0.12139
0.13776 0.86223
0.86223 0.13776
0.15500 0.84499
0.84499 0.15500
0.17306 0.82693
0.82693 0.17306
0.19190 0.80810
0.80810 0.19190
0.21147 0.78853
0.78853 0.21147
0.23172 0.76827
0.76827 0.23172
0.25261 0.74738
0.74738 0.25261
0.27410 0.72590
0.72590 0.27410
0.29612 0.70388
0.70388 0.29612
0.31862 0.68137
0.68137 0.31862
0.34156 0.65843
0.65843 0.34156
0.36487 0.63512
0.63512 0.36487
0.38851 0.61149
0.61149 0.38851
0.41241 0.58758
0.58758 0.41241
0.43652 0.56348
0.56348 0.43652
0.46078 0.53922
0.53922 0.46078
0.48513 0.51486
0.51486 0.48513
0.50952 0.49047
0.49047 0.50952
0.53388 0.46611
0.46611 0.53388
0.55817 0.44182
0.44182 0.55817
0.58232 0.41768
0.41768 0.58232
