1.00000 0.00000 0.00000 0.00000 0.00000 0.00000
0.00000 0.00000 0.00000 1.00000 0.00000 0.00000
0.99895 0.00101 0.00000 0.00004 0.00000 0.00000
0.00003 0.00001 0.01088 0.97928 0.00705 0.00276
0.99900 0.00090 0.00001 0.00009 0.00000 0.00000
0.00009 0.00004 0.04029 0.92805 0.02514 0.00639
0.99943 0.00043 0.00002 0.00011 0.00000 0.00000
0.00014 0.00008 0.08002 0.86810 0.04610 0.00557
0.99934 0.00050 0.00003 0.00013 0.00001 0.00000
0.00018 0.00008 0.11982 0.81510 0.06043 0.00439
0.99897 0.00085 0.00004 0.00014 0.00001 0.00000
0.00020 0.00011 0.15015 0.77761 0.06525 0.00669
0.99945 0.00034 0.00005 0.00015 0.00001 0.00000
0.00020 0.00016 0.16464 0.75801 0.06937 0.00762
0.99916 0.00064 0.00005 0.00014 0.00001 0.00000
0.00022 0.00018 0.16180 0.74892 0.08278 0.00610
0.99923 0.00057 0.00005 0.00014 0.00001 0.00000
0.00025 0.00020 0.14580 0.74745 0.10153 0.00476
0.99936 0.00043 0.00005 0.00015 0.00001 0.00000
0.00027 0.00022 0.12719 0.74804 0.11910 0.00519
0.99918 0.00060 0.00004 0.00016 0.00001 0.00000
0.00028 0.00026 0.11897 0.73491 0.13733 0.00825
0.99909 0.00069 0.00004 0.00016 0.00002 0.00000
0.00027 0.00033 0.12882 0.71108 0.15027 0.00923
0.99931 0.00047 0.00004 0.00016 0.00002 0.00000
0.00028 0.00035 0.15525 0.68792 0.14775 0.00845
0.99910 0.00067 0.00004 0.00016 0.00002 0.00000
0.00029 0.00032 0.18872 0.66738 0.13583 0.00745
0.99903 0.00074 0.00004 0.00016 0.00002 0.00000
0.00031 0.00033 0.21279 0.65206 0.12679 0.00772
0.99912 0.00065 0.00005 0.00016 0.00002 0.00000
0.00034 0.00035 0.21265 0.65357 0.12387 0.00923
0.99915 0.00062 0.00005 0.00016 0.00002 0.00000
0.00036 0.00040 0.19071 0.67028 0.12868 0.00958
0.99900 0.00077 0.00005 0.00016 0.00002 0.00000
0.00036 0.00050 0.16396 0.68163 0.14523 0.00832
0.99913 0.00063 0.00005 0.00016 0.00002 0.00000
0.00036 0.00061 0.14705 0.67491 0.17022 0.00684
0.99914 0.00062 0.00005 0.00017 0.00002 0.00000
0.00036 0.00064 0.14259 0.66204 0.18728 0.00710
0.99915 0.00061 0.00005 0.00017 0.00002 0.00000
0.00035 0.00053 0.14838 0.65938 0.18242 0.00893
0.99918 0.00058 0.00005 0.00016 0.00002 0.00000
0.00039 0.00051 0.16501 0.66087 0.16450 0.00873
0.99926 0.00051 0.00005 0.00016 0.00002 0.00000
0.00044 0.00058 0.18121 0.66153 0.14893 0.00731
0.99920 0.00057 0.00005 0.00016 0.00002 0.00000
0.00049 0.00062 0.18559 0.65876 0.14596 0.00857
0.99925 0.00050 0.00005 0.00017 0.00003 0.00000
0.00050 0.00072 0.18348 0.64796 0.15804 0.00929
0.99925 0.00050 0.00005 0.00017 0.00003 0.00000
0.00050 0.00077 0.18409 0.63291 0.17399 0.00773
0.99917 0.00058 0.00005 0.00016 0.00003 0.00000
0.00059 0.00085 0.18880 0.62294 0.17900 0.00782
0.99915 0.00060 0.00005 0.00017 0.00003 0.00000
0.00057 0.00079 0.19434 0.62065 0.17306 0.01058
0.99920 0.00054 0.00006 0.00017 0.00003 0.00000
0.00057 0.00084 0.19639 0.62457 0.16730 0.01034
0.99908 0.00066 0.00006 0.00017 0.00003 0.00000
0.00062 0.00081 0.19688 0.62397 0.16981 0.00792
0.99903 0.00071 0.00006 0.00017 0.00003 0.00000
0.00062 0.00094 0.18840 0.62831 0.17379 0.00794
0.99908 0.00065 0.00006 0.00018 0.00003 0.00000
0.00052 0.00085 0.17435 0.64060 0.17297 0.01070
0.99903 0.00070 0.00005 0.00019 0.00003 0.00000
0.00067 0.00080 0.16969 0.64459 0.17205 0.01221
0.99897 0.00075 0.00005 0.00019 0.00003 0.00000
0.00074 0.00093 0.17221 0.64656 0.17033 0.00924
0.99913 0.00059 0.00005 0.00020 0.00003 0.00000
0.00064 0.00079 0.17678 0.64477 0.16850 0.00852
0.99904 0.00068 0.00005 0.00019 0.00003 0.00000
0.00049 0.00080 0.18543 0.63039 0.17114 0.01175
0.99905 0.00068 0.00006 0.00019 0.00003 0.00000
0.00061 0.00099 0.19278 0.61872 0.17487 0.01204
0.99923 0.00050 0.00006 0.00019 0.00003 0.00000
0.00063 0.00096 0.19517 0.61942 0.17426 0.00955
0.99918 0.00054 0.00006 0.00019 0.00003 0.00000
0.00049 0.00108 0.19829 0.61593 0.17319 0.01102
0.99907 0.00066 0.00006 0.00019 0.00003 0.00000
0.00050 0.00110 0.20176 0.61641 0.16866 0.01156
0.99937 0.00036 0.00006 0.00019 0.00003 0.00000
0.00054 0.00122 0.20306 0.62346 0.16049 0.01122
0.99911 0.00061 0.00006 0.00019 0.00003 0.00000
0.00064 0.00100 0.19957 0.63193 0.15434 0.01253
0.99913 0.00059 0.00006 0.00019 0.00003 0.00000
0.00052 0.00121 0.19302 0.64038 0.15399 0.01087
0.99927 0.00045 0.00006 0.00019 0.00003 0.00000
0.00058 0.00116 0.18222 0.65217 0.15219 0.01168
0.99912 0.00059 0.00006 0.00019 0.00003 0.00000
0.00058 0.00123 0.18008 0.65405 0.15057 0.01349
0.99890 0.00082 0.00006 0.00019 0.00002 0.00000
0.00058 0.00123 0.17904 0.65898 0.14723 0.01294
0.99926 0.00046 0.00006 0.00019 0.00002 0.00000
0.00059 0.00129 0.17749 0.66381 0.14348 0.01334
0.99898 0.00074 0.00006 0.00020 0.00002 0.00000
0.00054 0.00127 0.18883 0.64916 0.14435 0.01586
0.99900 0.00071 0.00006 0.00020 0.00002 0.00000
0.00068 0.00148 0.20452 0.63300 0.14413 0.01619
0.99905 0.00067 0.00006 0.00020 0.00002 0.00000
0.00070 0.00132 0.21756 0.62677 0.13875 0.01490
0.99904 0.00068 0.00006 0.00020 0.00002 0.00000
0.00078 0.00140 0.22487 0.62559 0.13374 0.01362
0.99898 0.00073 0.00006 0.00020 0.00002 0.00000
0.00063 0.00121 0.22675 0.61600 0.13908 0.01634
0.99925 0.00046 0.00006 0.00019 0.00002 0.00000
0.00075 0.00144 0.21772 0.61706 0.14596 0.01707
0.99908 0.00064 0.00006 0.00019 0.00002 0.00000
0.00083 0.00130 0.20796 0.62809 0.14619 0.01563
0.99910 0.00062 0.00007 0.00019 0.00002 0.00000
0.00069 0.00131 0.21188 0.62577 0.14478 0.01556
0.99925 0.00047 0.00007 0.00019 0.00002 0.00000
0.00063 0.00132 0.22101 0.61415 0.14512 0.01777
0.99924 0.00048 0.00007 0.00019 0.00002 0.00000
0.00078 0.00142 0.21349 0.62540 0.14158 0.01731
0.99911 0.00061 0.00007 0.00019 0.00002 0.00000
0.00077 0.00145 0.19467 0.63903 0.14613 0.01794
0.99925 0.00046 0.00006 0.00019 0.00002 0.00000
0.00079 0.00155 0.18739 0.63426 0.15736 0.01865
0.99915 0.00057 0.00006 0.00019 0.00002 0.00000
0.00072 0.00155 0.19247 0.62612 0.16061 0.01853
0.99908 0.00064 0.00006 0.00019 0.00002 0.00000
0.00071 0.00152 0.20159 0.62448 0.15237 0.01932
0.99915 0.00057 0.00006 0.00020 0.00002 0.00000
0.00076 0.00154 0.21005 0.62279 0.14609 0.01877
0.99916 0.00055 0.00006 0.00020 0.00002 0.00000
0.00096 0.00151 0.20811 0.61981 0.15000 0.01959
0.99884 0.00087 0.00006 0.00020 0.00002 0.00000
0.00076 0.00151 0.19858 0.61714 0.16255 0.01947
0.99914 0.00057 0.00006 0.00020 0.00002 0.00000
0.00086 0.00164 0.19050 0.61605 0.17177 0.01918
0.99912 0.00059 0.00006 0.00020 0.00002 0.00000
0.00087 0.00168 0.19093 0.61894 0.16854 0.01903
0.99898 0.00073 0.00006 0.00020 0.00002 0.00000
0.00081 0.00167 0.19372 0.62706 0.15682 0.01991
0.99893 0.00078 0.00006 0.00020 0.00002 0.00000
0.00082 0.00153 0.19940 0.62891 0.14922 0.02011
0.99931 0.00040 0.00006 0.00020 0.00002 0.00000
0.00077 0.00165 0.20564 0.62557 0.14612 0.02025
0.99909 0.00062 0.00006 0.00020 0.00002 0.00000
0.00087 0.00177 0.20351 0.63064 0.14225 0.02096
0.99907 0.00064 0.00006 0.00020 0.00002 0.00000
0.00091 0.00184 0.20498 0.62827 0.14110 0.02289
0.99922 0.00049 0.00006 0.00020 0.00003 0.00000
0.00093 0.00170 0.21484 0.61688 0.14243 0.02322
0.99929 0.00042 0.00006 0.00019 0.00003 0.00000
0.00076 0.00174 0.21343 0.61420 0.14755 0.02232
0.99906 0.00065 0.00006 0.00019 0.00003 0.00000
0.00083 0.00162 0.20713 0.61585 0.15221 0.02235
0.99925 0.00047 0.00006 0.00019 0.00003 0.00000
0.00088 0.00172 0.20560 0.61966 0.14945 0.02269
0.99920 0.00052 0.00006 0.00019 0.00003 0.00000
0.00063 0.00176 0.21013 0.61228 0.15132 0.02387
0.99903 0.00068 0.00006 0.00019 0.00003 0.00000
0.00065 0.00168 0.21266 0.60724 0.15397 0.02379
0.99913 0.00059 0.00006 0.00019 0.00003 0.00000
0.00085 0.00191 0.20977 0.60706 0.15630 0.02411
0.99923 0.00048 0.00006 0.00019 0.00003 0.00000
0.00069 0.00198 0.20296 0.61208 0.15853 0.02375
0.99879 0.00092 0.00006 0.00020 0.00003 0.00000
0.00068 0.00197 0.19460 0.61810 0.15961 0.02504
0.99909 0.00062 0.00006 0.00020 0.00003 0.00000
0.00075 0.00199 0.19736 0.61762 0.15752 0.02475
0.99923 0.00048 0.00006 0.00019 0.00003 0.00000
0.00065 0.00191 0.20590 0.61107 0.15612 0.02435
0.99894 0.00076 0.00006 0.00019 0.00003 0.00000
0.00081 0.00197 0.20726 0.60560 0.15736 0.02701
0.99893 0.00077 0.00006 0.00020 0.00003 0.00000
0.00068 0.00183 0.20748 0.60178 0.16173 0.02649
0.99929 0.00042 0.00006 0.00020 0.00003 0.00000
0.00075 0.00178 0.21172 0.59450 0.16669 0.02457
0.99909 0.00062 0.00006 0.00020 0.00003 0.00000
0.00072 0.00186 0.21281 0.59138 0.16727 0.02595
0.99915 0.00056 0.00006 0.00019 0.00003 0.00000
0.00085 0.00194 0.21394 0.59053 0.16698 0.02576
0.99921 0.00050 0.00006 0.00019 0.00003 0.00000
0.00091 0.00194 0.21316 0.59160 0.16648 0.02591
0.99921 0.00050 0.00006 0.00019 0.00003 0.00000
0.00088 0.00175 0.20905 0.59021 0.17056 0.02753
0.99918 0.00053 0.00006 0.00018 0.00003 0.00000
0.00079 0.00201 0.20537 0.59212 0.17158 0.02812
0.99925 0.00047 0.00006 0.00018 0.00003 0.00000
0.00086 0.00197 0.20491 0.59475 0.17018 0.02734
0.99906 0.00065 0.00006 0.00018 0.00003 0.00000
0.00083 0.00191 0.20528 0.59529 0.16866 0.02802
0.99922 0.00049 0.00006 0.00018 0.00003 0.00000
0.00074 0.00208 0.20535 0.59132 0.17284 0.02765
0.99910 0.00061 0.00006 0.00019 0.00003 0.00000
0.00082 0.00190 0.20385 0.59000 0.17557 0.02786
0.99899 0.00071 0.00006 0.00020 0.00003 0.00000
0.00088 0.00204 0.20305 0.58937 0.17528 0.02938
0.99904 0.00067 0.00006 0.00020 0.00003 0.00000
0.00082 0.00193 0.19825 0.59847 0.17267 0.02786
0.99914 0.00056 0.00006 0.00020 0.00003 0.00000
0.00084 0.00202 0.19790 0.59730 0.17378 0.02815
0.99892 0.00078 0.00006 0.00020 0.00003 0.00000
0.00090 0.00209 0.20307 0.58831 0.17707 0.02857
0.99904 0.00067 0.00006 0.00020 0.00003 0.00000
0.00088 0.00211 0.20664 0.58608 0.17597 0.02830
0.99914 0.00057 0.00006 0.00019 0.00003 0.00000
0.00093 0.00227 0.20665 0.58782 0.17248 0.02984
0.99909 0.00061 0.00006 0.00019 0.00003 0.00000
0.00086 0.00231 0.20858 0.59105 0.16651 0.03069
0.99908 0.00062 0.00006 0.00019 0.00003 0.00000
0.00081 0.00225 0.21671 0.58897 0.16143 0.02982
0.99923 0.00048 0.00006 0.00019 0.00003 0.00000
0.00090 0.00234 0.21176 0.59825 0.15526 0.03147
0.99916 0.00055 0.00006 0.00018 0.00003 0.00000
0.00095 0.00226 0.20444 0.60376 0.15613 0.03245
0.99922 0.00050 0.00006 0.00018 0.00003 0.00000
0.00093 0.00229 0.19939 0.60465 0.16109 0.03164
0.99924 0.00047 0.00006 0.00018 0.00003 0.00000
0.00100 0.00227 0.19789 0.60593 0.16134 0.03158
0.99916 0.00055 0.00006 0.00018 0.00003 0.00000
0.00109 0.00235 0.20093 0.60593 0.15897 0.03072
0.99917 0.00054 0.00006 0.00019 0.00003 0.00000
0.00100 0.00222 0.20659 0.59609 0.16321 0.03088
0.99923 0.00047 0.00006 0.00019 0.00003 0.00000
0.00109 0.00242 0.20944 0.58678 0.16923 0.03103
0.99899 0.00071 0.00006 0.00019 0.00004 0.00000
0.00120 0.00243 0.20802 0.58725 0.16945 0.03166
0.99907 0.00063 0.00006 0.00019 0.00003 0.00000
0.00102 0.00249 0.20755 0.59172 0.16538 0.03184
0.99912 0.00059 0.00006 0.00019 0.00003 0.00000
0.00085 0.00250 0.21065 0.59780 0.15644 0.03175
0.99903 0.00067 0.00006 0.00019 0.00003 0.00000
0.00098 0.00249 0.21264 0.59777 0.15373 0.03239
0.99893 0.00078 0.00006 0.00019 0.00004 0.00000
0.00107 0.00249 0.20975 0.59345 0.16154 0.03169
0.99913 0.00057 0.00006 0.00019 0.00004 0.00000
0.00111 0.00264 0.20328 0.59368 0.16645 0.03284
0.99905 0.00065 0.00006 0.00019 0.00004 0.00000
0.00091 0.00264 0.20300 0.59040 0.16922 0.03382
0.99907 0.00064 0.00006 0.00018 0.00004 0.00001
0.00101 0.00278 0.20959 0.58457 0.16723 0.03481
0.99913 0.00057 0.00006 0.00018 0.00004 0.00001
0.00100 0.00272 0.21086 0.58279 0.16580 0.03683
0.99923 0.00048 0.00007 0.00018 0.00004 0.00001
0.00100 0.00274 0.20947 0.58883 0.16299 0.03496
0.99912 0.00059 0.00007 0.00018 0.00004 0.00001
0.00103 0.00286 0.20602 0.59346 0.16153 0.03511
0.99926 0.00045 0.00007 0.00018 0.00003 0.00001
0.00095 0.00312 0.20028 0.59902 0.16137 0.03524
0.99923 0.00048 0.00006 0.00018 0.00003 0.00001
0.00104 0.00320 0.19938 0.59482 0.16616 0.03539
0.99916 0.00055 0.00006 0.00018 0.00003 0.00001
0.00116 0.00305 0.19883 0.59632 0.16570 0.03493
0.99918 0.00053 0.00006 0.00018 0.00003 0.00001
0.00113 0.00294 0.20023 0.59615 0.16325 0.03630
0.99929 0.00042 0.00006 0.00019 0.00003 0.00001
0.00124 0.00299 0.20824 0.58726 0.16348 0.03678
0.99896 0.00074 0.00006 0.00019 0.00004 0.00001
0.00115 0.00287 0.21431 0.58334 0.16270 0.03563
0.99913 0.00058 0.00006 0.00018 0.00004 0.00001
0.00114 0.00328 0.22013 0.57577 0.16208 0.03759
0.99910 0.00060 0.00006 0.00018 0.00004 0.00001
0.00131 0.00338 0.21715 0.58227 0.15920 0.03668
0.99907 0.00063 0.00006 0.00018 0.00004 0.00001
0.00115 0.00302 0.21421 0.58809 0.15457 0.03896
0.99898 0.00072 0.00006 0.00018 0.00004 0.00001
0.00117 0.00294 0.21586 0.59195 0.14985 0.03823
0.99912 0.00058 0.00006 0.00018 0.00004 0.00001
0.00140 0.00330 0.21874 0.59556 0.14287 0.03812
0.99893 0.00077 0.00006 0.00018 0.00004 0.00001
0.00143 0.00331 0.22052 0.58966 0.14705 0.03802
0.99922 0.00049 0.00006 0.00017 0.00005 0.00001
0.00134 0.00359 0.21551 0.58908 0.15216 0.03832
0.99922 0.00049 0.00007 0.00017 0.00004 0.00001
0.00132 0.00366 0.21495 0.58746 0.15418 0.03842
0.99905 0.00065 0.00007 0.00017 0.00004 0.00001
0.00167 0.00334 0.22067 0.58268 0.15357 0.03805
0.99912 0.00059 0.00006 0.00017 0.00004 0.00001
0.00166 0.00353 0.21506 0.58819 0.15269 0.03886
0.99942 0.00029 0.00006 0.00017 0.00004 0.00001
0.00177 0.00313 0.20649 0.59931 0.15017 0.03912
0.99911 0.00060 0.00006 0.00017 0.00004 0.00001
0.00167 0.00362 0.20439 0.59739 0.15368 0.03925
0.99915 0.00056 0.00006 0.00017 0.00004 0.00001
0.00163 0.00404 0.21186 0.59078 0.15248 0.03920
0.99928 0.00042 0.00007 0.00017 0.00005 0.00001
0.00169 0.00388 0.22005 0.58256 0.15240 0.03941
0.99919 0.00051 0.00007 0.00017 0.00005 0.00001
0.00154 0.00420 0.22144 0.57736 0.15549 0.03997
0.99893 0.00077 0.00007 0.00017 0.00005 0.00001
0.00185 0.00464 0.21983 0.57617 0.15701 0.04049
0.99930 0.00040 0.00007 0.00016 0.00005 0.00001
0.00195 0.00429 0.21760 0.58074 0.15577 0.03964
0.99905 0.00065 0.00007 0.00017 0.00005 0.00001
0.00214 0.00400 0.22372 0.57271 0.15783 0.03960
0.99886 0.00084 0.00007 0.00017 0.00005 0.00001
0.00232 0.00374 0.22586 0.57092 0.15624 0.04090
0.99924 0.00046 0.00007 0.00017 0.00005 0.00001
0.00236 0.00391 0.22770 0.57079 0.15492 0.04030
0.99914 0.00056 0.00007 0.00017 0.00005 0.00001
0.00254 0.00404 0.22978 0.56398 0.15867 0.04099
0.99888 0.00082 0.00007 0.00017 0.00005 0.00001
0.00204 0.00406 0.22232 0.56658 0.16452 0.04048
0.99912 0.00058 0.00007 0.00017 0.00005 0.00001
0.00249 0.00406 0.22095 0.56557 0.16553 0.04139
0.99944 0.00026 0.00007 0.00017 0.00005 0.00001
0.00224 0.00435 0.22539 0.56329 0.16335 0.04137
0.99892 0.00078 0.00007 0.00016 0.00005 0.00001
0.00212 0.00440 0.22669 0.56638 0.15914 0.04126
0.99915 0.00055 0.00007 0.00016 0.00005 0.00001
0.00244 0.00481 0.23305 0.56421 0.15364 0.04184
0.99944 0.00026 0.00007 0.00016 0.00005 0.00001
0.00262 0.00450 0.24138 0.55463 0.15429 0.04257
0.99922 0.00048 0.00007 0.00016 0.00005 0.00001
0.00252 0.00441 0.23834 0.55549 0.15740 0.04184
0.99903 0.00067 0.00007 0.00016 0.00005 0.00001
0.00271 0.00430 0.23202 0.56027 0.15728 0.04342
0.99938 0.00033 0.00007 0.00016 0.00005 0.00001
0.00258 0.00487 0.22525 0.56506 0.16014 0.04208
0.99913 0.00057 0.00007 0.00016 0.00005 0.00001
0.00214 0.00564 0.22318 0.56579 0.16104 0.04221
0.99903 0.00067 0.00007 0.00017 0.00005 0.00001
0.00210 0.00559 0.23076 0.56194 0.15735 0.04226
0.99920 0.00049 0.00007 0.00017 0.00005 0.00001
0.00237 0.00557 0.23335 0.55634 0.15982 0.04254
0.99917 0.00053 0.00007 0.00017 0.00005 0.00001
0.00251 0.00494 0.22466 0.56401 0.16116 0.04270
0.99881 0.00088 0.00007 0.00017 0.00005 0.00001
0.00270 0.00502 0.22028 0.56450 0.16418 0.04331
0.99911 0.00058 0.00007 0.00017 0.00005 0.00001
0.00300 0.00507 0.21881 0.56523 0.16448 0.04339
0.99924 0.00045 0.00007 0.00017 0.00005 0.00001
0.00289 0.00541 0.22013 0.56531 0.16367 0.04258
0.99893 0.00076 0.00007 0.00017 0.00005 0.00001
0.00280 0.00577 0.22376 0.56975 0.15480 0.04312
0.99909 0.00061 0.00008 0.00016 0.00005 0.00001
0.00316 0.00566 0.23194 0.56608 0.14952 0.04363
0.99931 0.00039 0.00008 0.00016 0.00005 0.00001
0.00326 0.00527 0.23635 0.55928 0.15197 0.04386
0.99914 0.00056 0.00008 0.00016 0.00005 0.00001
0.00296 0.00530 0.23439 0.55916 0.15335 0.04483
0.99915 0.00055 0.00008 0.00015 0.00005 0.00001
0.00324 0.00546 0.23370 0.55950 0.15260 0.04548
0.99930 0.00039 0.00008 0.00015 0.00005 0.00001
0.00313 0.00585 0.23443 0.55798 0.15448 0.04412
0.99927 0.00043 0.00008 0.00015 0.00005 0.00001
0.00284 0.00597 0.23544 0.55573 0.15528 0.04473
0.99917 0.00053 0.00008 0.00015 0.00006 0.00001
0.00300 0.00583 0.23316 0.55681 0.15579 0.04540
0.99925 0.00045 0.00008 0.00015 0.00006 0.00001
0.00288 0.00605 0.23033 0.55861 0.15680 0.04532
0.99918 0.00051 0.00008 0.00015 0.00006 0.00001
0.00274 0.00618 0.23257 0.55256 0.16088 0.04505
0.99901 0.00068 0.00008 0.00016 0.00006 0.00001
0.00292 0.00602 0.23404 0.55104 0.16107 0.04489
0.99926 0.00043 0.00008 0.00016 0.00006 0.00001
0.00282 0.00594 0.23246 0.55149 0.16219 0.04509
0.99910 0.00059 0.00008 0.00016 0.00005 0.00001
0.00277 0.00665 0.23443 0.55114 0.15981 0.04519
0.99895 0.00074 0.00008 0.00016 0.00005 0.00001
0.00270 0.00624 0.24272 0.54963 0.15307 0.04563
0.99898 0.00071 0.00008 0.00016 0.00005 0.00001
0.00266 0.00645 0.24449 0.54818 0.15268 0.04552
0.99923 0.00046 0.00008 0.00016 0.00005 0.00001
0.00279 0.00667 0.23862 0.55422 0.15140 0.04630
0.99903 0.00065 0.00008 0.00016 0.00005 0.00001
0.00261 0.00653 0.23981 0.55211 0.15179 0.04715
0.99911 0.00058 0.00008 0.00015 0.00005 0.00001
0.00249 0.00721 0.24191 0.54882 0.15350 0.04606
0.99919 0.00050 0.00008 0.00015 0.00005 0.00001
0.00254 0.00691 0.23703 0.55224 0.15549 0.04577
0.99917 0.00052 0.00008 0.00015 0.00005 0.00001
0.00259 0.00728 0.23570 0.55424 0.15348 0.04670
0.99920 0.00050 0.00008 0.00015 0.00005 0.00001
0.00260 0.00768 0.23524 0.55552 0.15248 0.04646
0.99930 0.00040 0.00008 0.00014 0.00006 0.00001
0.00228 0.00776 0.23907 0.55135 0.15286 0.04667
0.99920 0.00049 0.00008 0.00015 0.00006 0.00001
0.00251 0.00770 0.24623 0.54005 0.15569 0.04781
0.99919 0.00050 0.00008 0.00015 0.00006 0.00001
0.00249 0.00781 0.24044 0.54411 0.15693 0.04822
0.99929 0.00040 0.00008 0.00014 0.00006 0.00001
0.00254 0.00787 0.23310 0.55360 0.15535 0.04752
0.99923 0.00046 0.00008 0.00015 0.00006 0.00001
0.00272 0.00735 0.23354 0.55505 0.15336 0.04798
0.99910 0.00058 0.00008 0.00015 0.00006 0.00001
0.00265 0.00751 0.23866 0.54928 0.15426 0.04763
0.99899 0.00070 0.00008 0.00015 0.00006 0.00001
0.00269 0.00749 0.24288 0.54108 0.15768 0.04818
0.99926 0.00043 0.00008 0.00015 0.00006 0.00001
0.00281 0.00732 0.24062 0.54149 0.15949 0.04827
0.99910 0.00058 0.00008 0.00015 0.00006 0.00001
0.00285 0.00760 0.23609 0.55202 0.15362 0.04781
0.99898 0.00070 0.00008 0.00015 0.00006 0.00001
0.00314 0.00756 0.24100 0.54722 0.15403 0.04705
0.99904 0.00064 0.00008 0.00015 0.00006 0.00001
0.00309 0.00728 0.24775 0.53156 0.16199 0.04832
0.99910 0.00058 0.00008 0.00015 0.00006 0.00001
0.00322 0.00742 0.24213 0.53270 0.16610 0.04842
0.99909 0.00060 0.00008 0.00015 0.00006 0.00001
0.00335 0.00745 0.23376 0.53806 0.16922 0.04815
0.99919 0.00050 0.00008 0.00015 0.00006 0.00001
0.00309 0.00779 0.23592 0.53107 0.17332 0.04880
0.99918 0.00051 0.00008 0.00014 0.00006 0.00001
0.00294 0.00769 0.23813 0.52898 0.17377 0.04848
0.99918 0.00051 0.00009 0.00014 0.00006 0.00001
0.00315 0.00779 0.23537 0.53334 0.17131 0.04903
0.99922 0.00047 0.00009 0.00014 0.00006 0.00001
0.00322 0.00778 0.23907 0.53222 0.16837 0.04933
0.99930 0.00039 0.00008 0.00014 0.00006 0.00001
0.00311 0.00797 0.25029 0.52491 0.16506 0.04864
0.99917 0.00052 0.00008 0.00014 0.00006 0.00001
0.00322 0.00784 0.25521 0.51908 0.16616 0.04847
0.99925 0.00043 0.00008 0.00014 0.00006 0.00001
0.00318 0.00793 0.24925 0.52586 0.16504 0.04873
0.99923 0.00046 0.00008 0.00014 0.00006 0.00001
0.00342 0.00808 0.24154 0.53369 0.16412 0.04914
0.99914 0.00054 0.00008 0.00015 0.00006 0.00001
0.00335 0.00844 0.24200 0.53315 0.16436 0.04868
0.99907 0.00061 0.00008 0.00015 0.00006 0.00001
0.00319 0.00832 0.24197 0.53122 0.16495 0.05033
0.99916 0.00052 0.00008 0.00015 0.00006 0.00001
0.00335 0.00830 0.24014 0.53010 0.16774 0.05035
0.99909 0.00058 0.00008 0.00015 0.00006 0.00001
0.00326 0.00811 0.24051 0.53165 0.16732 0.04913
0.99897 0.00071 0.00008 0.00015 0.00006 0.00001
0.00347 0.00856 0.24496 0.52932 0.16293 0.05075
0.99919 0.00049 0.00008 0.00015 0.00006 0.00001
0.00335 0.00894 0.25144 0.52188 0.16367 0.05070
0.99908 0.00060 0.00008 0.00015 0.00006 0.00001
0.00323 0.00902 0.25120 0.52132 0.16622 0.04900
0.99905 0.00063 0.00009 0.00014 0.00006 0.00001
0.00335 0.00895 0.24375 0.52796 0.16631 0.04966
0.99911 0.00058 0.00009 0.00014 0.00006 0.00001
0.00321 0.00918 0.24256 0.52611 0.16852 0.05040
0.99930 0.00038 0.00009 0.00014 0.00006 0.00001
0.00315 0.00938 0.25037 0.51596 0.17139 0.04974
0.99920 0.00049 0.00008 0.00014 0.00006 0.00001
0.00317 0.00955 0.25337 0.51278 0.17181 0.04930
0.99916 0.00053 0.00009 0.00014 0.00006 0.00001
0.00330 0.00969 0.25671 0.50640 0.17332 0.05057
0.99931 0.00038 0.00009 0.00013 0.00006 0.00001
0.00330 0.00979 0.26059 0.50423 0.17189 0.05019
0.99928 0.00041 0.00009 0.00013 0.00006 0.00001
0.00332 0.00982 0.25472 0.51447 0.16748 0.05018
0.99912 0.00056 0.00009 0.00013 0.00006 0.00001
0.00363 0.00916 0.24538 0.52465 0.16595 0.05121
0.99918 0.00051 0.00009 0.00014 0.00006 0.00001
0.00351 0.00935 0.24657 0.52220 0.16826 0.05010
0.99928 0.00040 0.00009 0.00014 0.00006 0.00001
0.00348 0.00933 0.25291 0.51820 0.16623 0.04983
0.99908 0.00060 0.00009 0.00014 0.00006 0.00001
0.00354 0.00982 0.24876 0.52244 0.16540 0.05003
0.99905 0.00062 0.00009 0.00014 0.00006 0.00001
0.00367 0.00924 0.24691 0.52595 0.16410 0.05012
0.99910 0.00058 0.00009 0.00014 0.00006 0.00001
0.00354 0.00941 0.25319 0.52230 0.16158 0.04996
0.99905 0.00063 0.00009 0.00014 0.00006 0.00001
0.00391 0.00945 0.25323 0.52240 0.16023 0.05077
0.99910 0.00057 0.00009 0.00014 0.00006 0.00001
0.00373 0.00965 0.24922 0.52293 0.16367 0.05079
0.99915 0.00053 0.00009 0.00014 0.00006 0.00001
0.00374 0.00934 0.24729 0.52285 0.16725 0.04951
0.99911 0.00057 0.00009 0.00014 0.00006 0.00001
0.00390 0.00946 0.24829 0.51645 0.17140 0.05048
0.99906 0.00062 0.00009 0.00014 0.00006 0.00001
0.00389 0.00955 0.25395 0.51292 0.16889 0.05079
0.99928 0.00040 0.00009 0.00014 0.00006 0.00001
0.00397 0.00951 0.25447 0.51337 0.16826 0.05040
0.99926 0.00042 0.00009 0.00013 0.00006 0.00001
0.00398 0.00973 0.24879 0.51773 0.16952 0.05024
0.99918 0.00051 0.00009 0.00013 0.00006 0.00001
0.00402 0.00980 0.25029 0.51750 0.16782 0.05056
0.99922 0.00046 0.00009 0.00013 0.00006 0.00001
0.00401 0.00990 0.25505 0.51360 0.16803 0.04939
0.99930 0.00038 0.00009 0.00013 0.00006 0.00001
0.00412 0.01000 0.25577 0.51072 0.16875 0.05063
0.99925 0.00043 0.00009 0.00013 0.00006 0.00001
0.00414 0.01008 0.25323 0.51249 0.16922 0.05082
0.99924 0.00044 0.00009 0.00013 0.00006 0.00001
0.00414 0.01008 0.25240 0.51679 0.16616 0.05042
0.99911 0.00057 0.00009 0.00013 0.00006 0.00001
0.00437 0.00987 0.25258 0.52233 0.16034 0.05050
0.99914 0.00054 0.00009 0.00014 0.00006 0.00001
0.00455 0.00988 0.25832 0.51782 0.15853 0.05088
0.99905 0.00062 0.00009 0.00014 0.00006 0.00001
0.00432 0.01015 0.26378 0.50902 0.16148 0.05124
0.99906 0.00061 0.00009 0.00014 0.00006 0.00001
0.00429 0.00995 0.26448 0.50786 0.16256 0.05084
0.99912 0.00056 0.00009 0.00014 0.00006 0.00001
0.00433 0.00990 0.25887 0.51685 0.15888 0.05115
0.99911 0.00057 0.00009 0.00014 0.00006 0.00001
0.00436 0.01012 0.25675 0.52025 0.15715 0.05135
0.99910 0.00057 0.00009 0.00014 0.00006 0.00001
0.00441 0.01037 0.25362 0.52069 0.15786 0.05303
0.99906 0.00061 0.00009 0.00014 0.00006 0.00001
0.00441 0.01047 0.24648 0.52481 0.16101 0.05280
0.99920 0.00048 0.00009 0.00014 0.00006 0.00001
0.00441 0.01046 0.24336 0.52429 0.16622 0.05124
0.99917 0.00051 0.00009 0.00013 0.00006 0.00001
0.00442 0.01036 0.25022 0.51724 0.16638 0.05136
0.99923 0.00045 0.00009 0.00013 0.00006 0.00001
0.00459 0.01018 0.25812 0.51386 0.16266 0.05056
0.99923 0.00045 0.00010 0.00013 0.00006 0.00001
0.00438 0.01098 0.25751 0.51044 0.16423 0.05245
0.99932 0.00037 0.00009 0.00013 0.00006 0.00001
0.00459 0.01119 0.25619 0.51449 0.16249 0.05104
0.99927 0.00041 0.00009 0.00013 0.00006 0.00001
0.00448 0.01131 0.26078 0.51135 0.15978 0.05229
0.99915 0.00052 0.00009 0.00013 0.00006 0.00001
0.00463 0.01138 0.26425 0.50585 0.16257 0.05131
0.99927 0.00041 0.00009 0.00014 0.00006 0.00002
0.00455 0.01124 0.26298 0.50538 0.16351 0.05233
0.99917 0.00050 0.00010 0.00014 0.00006 0.00001
0.00454 0.01136 0.25442 0.51219 0.16531 0.05216
0.99916 0.00051 0.00010 0.00014 0.00006 0.00001
0.00466 0.01113 0.24658 0.52027 0.16496 0.05237
0.99904 0.00063 0.00010 0.00014 0.00006 0.00001
0.00455 0.01135 0.24854 0.51981 0.16389 0.05183
0.99915 0.00052 0.00010 0.00014 0.00006 0.00001
0.00472 0.01146 0.25378 0.51593 0.16207 0.05202
0.99911 0.00056 0.00009 0.00014 0.00006 0.00002
0.00455 0.01154 0.25669 0.51310 0.16239 0.05171
0.99901 0.00066 0.00009 0.00014 0.00006 0.00001
0.00466 0.01133 0.25611 0.51154 0.16462 0.05172
0.99910 0.00057 0.00010 0.00014 0.00006 0.00002
0.00471 0.01141 0.26100 0.50803 0.16289 0.05195
0.99910 0.00056 0.00010 0.00014 0.00006 0.00002
0.00468 0.01163 0.26743 0.50007 0.16377 0.05240
0.99919 0.00048 0.00010 0.00013 0.00006 0.00002
0.00469 0.01165 0.26813 0.49959 0.16430 0.05162
0.99919 0.00048 0.00010 0.00013 0.00006 0.00002
0.00493 0.01197 0.26627 0.49819 0.16590 0.05272
0.99919 0.00048 0.00010 0.00013 0.00006 0.00002
0.00477 0.01186 0.26603 0.49463 0.17021 0.05248
0.99918 0.00049 0.00010 0.00013 0.00006 0.00002
0.00509 0.01195 0.26681 0.49370 0.17064 0.05179
0.99933 0.00035 0.00010 0.00013 0.00006 0.00002
0.00522 0.01189 0.26495 0.49587 0.16990 0.05216
0.99929 0.00039 0.00010 0.00013 0.00006 0.00002
0.00506 0.01206 0.25841 0.49919 0.17359 0.05167
0.99917 0.00050 0.00010 0.00013 0.00006 0.00002
0.00509 0.01231 0.25752 0.50124 0.17149 0.05233
0.99923 0.00044 0.00010 0.00013 0.00006 0.00002
0.00511 0.01179 0.26189 0.49921 0.16921 0.05277
0.99922 0.00045 0.00010 0.00013 0.00006 0.00002
0.00519 0.01236 0.25883 0.50453 0.16754 0.05153
0.99915 0.00051 0.00010 0.00014 0.00006 0.00002
0.00532 0.01234 0.25357 0.50875 0.16773 0.05228
0.99909 0.00058 0.00010 0.00014 0.00006 0.00002
0.00534 0.01249 0.25456 0.50732 0.16781 0.05246
0.99915 0.00052 0.00010 0.00014 0.00006 0.00002
0.00551 0.01249 0.25979 0.50293 0.16774 0.05151
0.99908 0.00058 0.00010 0.00014 0.00006 0.00002
0.00561 0.01227 0.26251 0.50060 0.16656 0.05244
0.99905 0.00061 0.00010 0.00014 0.00006 0.00002
0.00547 0.01319 0.26071 0.50059 0.16680 0.05321
0.99910 0.00056 0.00010 0.00013 0.00006 0.00002
0.00579 0.01231 0.25954 0.50479 0.16482 0.05272
0.99910 0.00057 0.00010 0.00013 0.00006 0.00002
0.00569 0.01212 0.25976 0.50805 0.16092 0.05345
0.99918 0.00049 0.00010 0.00013 0.00006 0.00002
0.00570 0.01217 0.26036 0.50672 0.16108 0.05393
0.99916 0.00051 0.00010 0.00013 0.00006 0.00002
0.00563 0.01275 0.25653 0.50951 0.16171 0.05384
0.99926 0.00041 0.00010 0.00013 0.00006 0.00002
0.00573 0.01311 0.25456 0.51147 0.16133 0.05379
0.99923 0.00044 0.00010 0.00013 0.00006 0.00002
0.00564 0.01312 0.25572 0.50980 0.16177 0.05393
0.99922 0.00045 0.00010 0.00013 0.00006 0.00002
0.00603 0.01298 0.25407 0.51034 0.16359 0.05296
0.99921 0.00046 0.00010 0.00013 0.00006 0.00002
0.00618 0.01235 0.25298 0.51033 0.16460 0.05352
0.99929 0.00038 0.00010 0.00013 0.00006 0.00002
0.00631 0.01269 0.25404 0.50760 0.16507 0.05426
0.99925 0.00041 0.00010 0.00013 0.00006 0.00002
0.00606 0.01321 0.25654 0.50509 0.16562 0.05345
0.99917 0.00050 0.00010 0.00013 0.00006 0.00002
0.00619 0.01345 0.25610 0.50658 0.16360 0.05405
0.99912 0.00054 0.00010 0.00013 0.00006 0.00002
0.00620 0.01325 0.25588 0.50982 0.16139 0.05343
0.99910 0.00057 0.00010 0.00013 0.00006 0.00002
0.00635 0.01319 0.25533 0.50813 0.16270 0.05428
0.99913 0.00053 0.00010 0.00014 0.00006 0.00002
0.00616 0.01356 0.25638 0.50644 0.16308 0.05436
0.99907 0.00059 0.00010 0.00014 0.00006 0.00002
0.00635 0.01291 0.25869 0.50203 0.16550 0.05449
0.99916 0.00050 0.00010 0.00013 0.00006 0.00002
0.00632 0.01325 0.25420 0.50635 0.16553 0.05432
0.99911 0.00055 0.00010 0.00013 0.00006 0.00002
0.00665 0.01346 0.25053 0.51077 0.16439 0.05417
0.99905 0.00061 0.00010 0.00013 0.00006 0.00002
0.00671 0.01328 0.25250 0.50811 0.16504 0.05433
0.99912 0.00055 0.00010 0.00013 0.00006 0.00002
0.00666 0.01371 0.25952 0.50268 0.16290 0.05450
0.99925 0.00042 0.00010 0.00013 0.00006 0.00002
0.00661 0.01409 0.25504 0.50604 0.16392 0.05427
0.99927 0.00040 0.00010 0.00013 0.00006 0.00002
0.00668 0.01386 0.25342 0.50575 0.16574 0.05451
0.99919 0.00047 0.00010 0.00012 0.00006 0.00002
0.00680 0.01387 0.25877 0.50383 0.16294 0.05376
0.99925 0.00041 0.00010 0.00012 0.00006 0.00002
0.00677 0.01423 0.25800 0.50732 0.15943 0.05423
0.99924 0.00043 0.00010 0.00012 0.00006 0.00002
0.00687 0.01415 0.24975 0.51427 0.16026 0.05467
0.99926 0.00041 0.00010 0.00012 0.00006 0.00002
0.00678 0.01464 0.24669 0.51409 0.16330 0.05446
0.99926 0.00041 0.00010 0.00012 0.00006 0.00002
0.00752 0.01463 0.25164 0.50709 0.16366 0.05543
0.99915 0.00051 0.00010 0.00013 0.00006 0.00002
0.00710 0.01498 0.25429 0.50744 0.16034 0.05582
0.99912 0.00054 0.00010 0.00013 0.00006 0.00002
0.00759 0.01479 0.25317 0.50718 0.16127 0.05598
0.99913 0.00052 0.00010 0.00013 0.00006 0.00002
0.00758 0.01463 0.25035 0.51000 0.16193 0.05547
0.99911 0.00054 0.00010 0.00013 0.00006 0.00002
0.00741 0.01461 0.24680 0.51470 0.16075 0.05570
0.99907 0.00059 0.00010 0.00013 0.00006 0.00002
0.00765 0.01516 0.24852 0.51209 0.16039 0.05615
0.99904 0.00062 0.00010 0.00013 0.00006 0.00002
0.00771 0.01546 0.24781 0.51010 0.16322 0.05567
0.99913 0.00053 0.00010 0.00013 0.00006 0.00002
0.00767 0.01516 0.24757 0.51055 0.16230 0.05671
0.99915 0.00051 0.00010 0.00013 0.00006 0.00002
0.00751 0.01570 0.24923 0.51043 0.16068 0.05642
0.99911 0.00055 0.00010 0.00013 0.00006 0.00002
0.00811 0.01527 0.25172 0.50766 0.16057 0.05662
0.99918 0.00048 0.00010 0.00012 0.00006 0.00002
0.00808 0.01515 0.25328 0.50599 0.16096 0.05651
0.99924 0.00043 0.00010 0.00013 0.00006 0.00002
0.00849 0.01555 0.25042 0.50913 0.15956 0.05682
0.99926 0.00041 0.00010 0.00012 0.00006 0.00002
0.00844 0.01547 0.24879 0.50887 0.16100 0.05740
0.99926 0.00040 0.00010 0.00012 0.00006 0.00002
0.00855 0.01480 0.24872 0.50923 0.16247 0.05620
0.99925 0.00041 0.00010 0.00012 0.00006 0.00002
0.00884 0.01505 0.24362 0.51336 0.16180 0.05729
0.99927 0.00040 0.00010 0.00012 0.00006 0.00002
0.00877 0.01511 0.24494 0.51423 0.16003 0.05690
0.99921 0.00045 0.00010 0.00012 0.00006 0.00002
0.00919 0.01526 0.25170 0.50464 0.16251 0.05667
0.99915 0.00051 0.00010 0.00012 0.00006 0.00002
0.00907 0.01532 0.25066 0.50440 0.16392 0.05658
0.99918 0.00048 0.00010 0.00013 0.00006 0.00002
0.00925 0.01508 0.24399 0.51498 0.16007 0.05659
0.99918 0.00048 0.00010 0.00013 0.00006 0.00002
0.00906 0.01517 0.24447 0.51402 0.16034 0.05691
0.99905 0.00060 0.00010 0.00013 0.00006 0.00002
0.00891 0.01569 0.24808 0.50694 0.16240 0.05795
0.99901 0.00064 0.00010 0.00013 0.00006 0.00002
0.00953 0.01510 0.25006 0.50245 0.16605 0.05677
0.99912 0.00053 0.00010 0.00013 0.00006 0.00002
0.00950 0.01542 0.24496 0.50743 0.16503 0.05763
0.99913 0.00052 0.00010 0.00013 0.00006 0.00002
0.00939 0.01608 0.24335 0.50880 0.16456 0.05778
0.99904 0.00061 0.00010 0.00013 0.00006 0.00002
0.00943 0.01657 0.24623 0.50737 0.16272 0.05763
0.99912 0.00054 0.00010 0.00013 0.00006 0.00002
0.00968 0.01632 0.24646 0.50559 0.16487 0.05705
0.99923 0.00042 0.00010 0.00013 0.00006 0.00002
0.00926 0.01707 0.24432 0.50095 0.17109 0.05728
0.99922 0.00044 0.00010 0.00013 0.00006 0.00002
0.00898 0.01694 0.24560 0.50211 0.16911 0.05723
0.99920 0.00046 0.00010 0.00012 0.00006 0.00002
0.00907 0.01744 0.24599 0.50000 0.16887 0.05860
0.99927 0.00039 0.00010 0.00012 0.00006 0.00002
0.00936 0.01699 0.24391 0.49976 0.17146 0.05848
0.99931 0.00035 0.00010 0.00012 0.00006 0.00002
0.00902 0.01756 0.24439 0.49991 0.17093 0.05816
0.99924 0.00042 0.00010 0.00012 0.00006 0.00002
0.00914 0.01803 0.24332 0.50503 0.16647 0.05798
0.99918 0.00048 0.00010 0.00012 0.00006 0.00002
0.00901 0.01805 0.24374 0.50422 0.16730 0.05764
0.99920 0.00046 0.00010 0.00012 0.00006 0.00002
0.00922 0.01784 0.24343 0.50335 0.16826 0.05787
0.99921 0.00044 0.00010 0.00012 0.00006 0.00002
0.00876 0.01828 0.24253 0.50477 0.16714 0.05849
0.99909 0.00056 0.00010 0.00012 0.00006 0.00002
0.00894 0.01838 0.24402 0.50827 0.16248 0.05788
0.99908 0.00057 0.00011 0.00013 0.00006 0.00002
0.00873 0.01824 0.24362 0.50783 0.16308 0.05847
0.99912 0.00053 0.00011 0.00013 0.00006 0.00002
0.00888 0.01841 0.24089 0.50570 0.16781 0.05827
0.99908 0.00057 0.00010 0.00013 0.00006 0.00002
0.00878 0.01882 0.23920 0.50904 0.16619 0.05794
0.99903 0.00062 0.00010 0.00013 0.00006 0.00002
0.00904 0.01891 0.23856 0.51466 0.16031 0.05848
0.99915 0.00050 0.00011 0.00012 0.00006 0.00002
0.00925 0.01847 0.24199 0.51171 0.16193 0.05662
0.99919 0.00046 0.00011 0.00012 0.00006 0.00002
0.00910 0.01867 0.24608 0.50564 0.16306 0.05741
0.99912 0.00054 0.00011 0.00012 0.00006 0.00002
0.00912 0.01879 0.24439 0.50882 0.16072 0.05811
0.99917 0.00049 0.00011 0.00012 0.00006 0.00002
0.00952 0.01837 0.23903 0.51238 0.16428 0.05639
0.99925 0.00040 0.00011 0.00012 0.00006 0.00002
0.00964 0.01837 0.23558 0.51507 0.16353 0.05778
0.99930 0.00036 0.00011 0.00012 0.00006 0.00002
0.00979 0.01876 0.24085 0.51070 0.16277 0.05710
0.99925 0.00040 0.00011 0.00012 0.00006 0.00002
0.00980 0.01888 0.24695 0.50336 0.16333 0.05763
0.99923 0.00042 0.00011 0.00012 0.00006 0.00002
0.00958 0.01838 0.24149 0.50949 0.16356 0.05747
0.99925 0.00041 0.00011 0.00012 0.00006 0.00002
0.00980 0.01867 0.23575 0.50960 0.16874 0.05741
0.99919 0.00046 0.00011 0.00012 0.00006 0.00002
0.00977 0.01928 0.23663 0.50948 0.16724 0.05756
0.99915 0.00050 0.00011 0.00012 0.00006 0.00002
0.00999 0.01894 0.23877 0.51210 0.16240 0.05776
0.99914 0.00051 0.00011 0.00012 0.00006 0.00002
0.01010 0.01905 0.24072 0.50885 0.16377 0.05746
0.99913 0.00052 0.00011 0.00012 0.00006 0.00002
0.01038 0.01916 0.23996 0.50853 0.16387 0.05805
0.99910 0.00055 0.00011 0.00013 0.00006 0.00002
0.01016 0.01914 0.23766 0.50771 0.16637 0.05891
0.99907 0.00058 0.00011 0.00013 0.00006 0.00002
0.01001 0.02018 0.23758 0.50386 0.17059 0.05773
0.99908 0.00056 0.00011 0.00012 0.00006 0.00002
0.00995 0.02007 0.23764 0.50745 0.16615 0.05869
0.99913 0.00051 0.00011 0.00012 0.00006 0.00002
0.01027 0.01972 0.24073 0.50500 0.16590 0.05834
0.99910 0.00054 0.00011 0.00012 0.00006 0.00002
0.01011 0.01972 0.23993 0.50446 0.16713 0.05861
0.99915 0.00049 0.00011 0.00012 0.00006 0.00002
0.00982 0.01943 0.23600 0.51027 0.16635 0.05809
0.99926 0.00039 0.00011 0.00012 0.00006 0.00002
0.01009 0.01970 0.23837 0.50760 0.16531 0.05888
0.99922 0.00043 0.00010 0.00012 0.00006 0.00002
0.01012 0.01985 0.24235 0.50726 0.16218 0.05819
0.99923 0.00043 0.00011 0.00012 0.00006 0.00002
0.01032 0.01957 0.24195 0.50703 0.16220 0.05889
0.99925 0.00040 0.00011 0.00011 0.00006 0.00002
0.01006 0.01920 0.24338 0.50668 0.16134 0.05930
0.99926 0.00039 0.00011 0.00012 0.00006 0.00002
0.00996 0.02006 0.24145 0.50528 0.16467 0.05853
0.99921 0.00044 0.00011 0.00012 0.00006 0.00002
0.01045 0.01994 0.23798 0.50557 0.16638 0.05963
0.99920 0.00045 0.00011 0.00012 0.00006 0.00002
0.01032 0.02038 0.23536 0.50760 0.16715 0.05914
0.99918 0.00047 0.00011 0.00012 0.00006 0.00002
0.01070 0.02027 0.23477 0.50996 0.16501 0.05926
0.99910 0.00055 0.00011 0.00012 0.00006 0.00002
0.01080 0.02034 0.23740 0.50783 0.16461 0.05897
0.99911 0.00053 0.00011 0.00012 0.00006 0.00002
0.01080 0.02014 0.23771 0.50606 0.16609 0.05916
0.99910 0.00054 0.00011 0.00013 0.00006 0.00002
0.01101 0.02033 0.23705 0.50747 0.16452 0.05956
0.99907 0.00057 0.00011 0.00012 0.00006 0.00002
0.01085 0.02054 0.23747 0.50734 0.16428 0.05947
0.99907 0.00057 0.00011 0.00012 0.00006 0.00002
0.01120 0.01995 0.23740 0.50753 0.16524 0.05864
0.99910 0.00054 0.00011 0.00012 0.00006 0.00002
0.01120 0.02020 0.23569 0.50789 0.16541 0.05956
0.99920 0.00045 0.00011 0.00012 0.00006 0.00002
0.01131 0.02053 0.23489 0.50984 0.16407 0.05931
0.99916 0.00048 0.00011 0.00012 0.00006 0.00002
0.01185 0.02014 0.23522 0.51037 0.16238 0.06001
0.99917 0.00048 0.00011 0.00011 0.00006 0.00002
0.01162 0.01995 0.23620 0.50967 0.16202 0.06048
0.99925 0.00040 0.00011 0.00011 0.00006 0.00002
0.01164 0.02074 0.23514 0.50736 0.16456 0.06051
0.99925 0.00040 0.00011 0.00011 0.00006 0.00002
0.01121 0.02111 0.23570 0.50740 0.16395 0.06058
0.99926 0.00039 0.00011 0.00011 0.00006 0.00002
0.01173 0.02135 0.23304 0.51004 0.16395 0.05985
0.99926 0.00039 0.00011 0.00011 0.00006 0.00002
0.01143 0.02106 0.23288 0.50754 0.16595 0.06109
0.99921 0.00043 0.00011 0.00011 0.00006 0.00002
0.01146 0.02062 0.23598 0.50661 0.16452 0.06076
0.99920 0.00045 0.00011 0.00011 0.00006 0.00002
0.01164 0.02123 0.23745 0.50362 0.16544 0.06057
0.99918 0.00046 0.00012 0.00011 0.00006 0.00002
0.01183 0.02174 0.23741 0.50573 0.16298 0.06028
0.99911 0.00053 0.00011 0.00012 0.00006 0.00002
0.01166 0.02157 0.23661 0.50773 0.16160 0.06077
0.99906 0.00058 0.00011 0.00012 0.00006 0.00002
0.01192 0.02066 0.23437 0.50720 0.16475 0.06105
0.99909 0.00055 0.00011 0.00012 0.00006 0.00002
0.01155 0.02104 0.23281 0.50756 0.16656 0.06043
0.99911 0.00053 0.00011 0.00012 0.00006 0.00002
0.01209 0.02117 0.23636 0.50499 0.16352 0.06181
0.99907 0.00056 0.00011 0.00012 0.00006 0.00002
0.01202 0.02130 0.23794 0.50385 0.16384 0.06099
0.99907 0.00056 0.00011 0.00012 0.00006 0.00002
0.01161 0.02131 0.23992 0.49881 0.16680 0.06148
0.99912 0.00052 0.00011 0.00012 0.00006 0.00002
0.01205 0.02140 0.23998 0.49684 0.16809 0.06159
0.99920 0.00044 0.00011 0.00012 0.00006 0.00002
0.01234 0.02143 0.23556 0.49717 0.17200 0.06146
0.99921 0.00043 0.00011 0.00011 0.00006 0.00002
0.01229 0.02163 0.23694 0.49413 0.17364 0.06132
0.99920 0.00044 0.00011 0.00011 0.00006 0.00002
0.01208 0.02171 0.24637 0.48638 0.17185 0.06156
0.99926 0.00038 0.00011 0.00011 0.00006 0.00002
0.01218 0.02138 0.24501 0.49057 0.16998 0.06082
0.99928 0.00036 0.00011 0.00011 0.00006 0.00002
0.01216 0.02154 0.23705 0.49916 0.16851 0.06152
0.99926 0.00039 0.00011 0.00011 0.00006 0.00002
0.01235 0.02211 0.23688 0.49974 0.16762 0.06126
0.99921 0.00043 0.00011 0.00011 0.00006 0.00002
0.01243 0.02183 0.23988 0.49802 0.16725 0.06053
0.99920 0.00044 0.00011 0.00011 0.00006 0.00002
0.01254 0.02177 0.23717 0.50133 0.16629 0.06084
0.99919 0.00045 0.00011 0.00011 0.00006 0.00002
0.01251 0.02195 0.23536 0.50486 0.16373 0.06154
0.99913 0.00050 0.00011 0.00011 0.00006 0.00002
0.01207 0.02223 0.23997 0.50102 0.16337 0.06128
0.99907 0.00056 0.00011 0.00012 0.00006 0.00002
0.01268 0.02178 0.24019 0.49754 0.16689 0.06087
0.99909 0.00054 0.00011 0.00012 0.00006 0.00002
0.01261 0.02153 0.23159 0.50551 0.16680 0.06191
0.99908 0.00055 0.00011 0.00012 0.00006 0.00002
0.01250 0.02183 0.23083 0.50666 0.16677 0.06136
0.99905 0.00057 0.00011 0.00012 0.00006 0.00002
0.01230 0.02224 0.23673 0.49848 0.16830 0.06190
0.99909 0.00054 0.00011 0.00012 0.00006 0.00002
0.01204 0.02283 0.23507 0.50334 0.16514 0.06154
0.99912 0.00051 0.00011 0.00012 0.00006 0.00002
0.01206 0.02255 0.23715 0.50522 0.16153 0.06143
0.99916 0.00047 0.00011 0.00011 0.00006 0.00002
0.01239 0.02205 0.23661 0.50700 0.16042 0.06147
0.99920 0.00044 0.00011 0.00011 0.00006 0.00002
0.01284 0.02257 0.23496 0.50510 0.16227 0.06221
0.99922 0.00042 0.00011 0.00011 0.00006 0.00002
0.01293 0.02274 0.23495 0.50452 0.16319 0.06162
0.99926 0.00037 0.00011 0.00011 0.00006 0.00002
0.01271 0.02311 0.23051 0.50932 0.16224 0.06206
0.99925 0.00038 0.00011 0.00011 0.00006 0.00002
0.01311 0.02331 0.23048 0.50605 0.16546 0.06153
0.99923 0.00040 0.00011 0.00011 0.00006 0.00002
0.01336 0.02270 0.23557 0.49676 0.16905 0.06250
0.99923 0.00041 0.00011 0.00011 0.00006 0.00002
0.01309 0.02325 0.23657 0.49789 0.16722 0.06193
0.99922 0.00041 0.00011 0.00011 0.00006 0.00002
0.01293 0.02299 0.23381 0.50116 0.16728 0.06177
0.99918 0.00045 0.00011 0.00011 0.00006 0.00002
0.01337 0.02328 0.23559 0.49951 0.16572 0.06247
0.99915 0.00048 0.00011 0.00012 0.00006 0.00002
0.01326 0.02329 0.23843 0.49801 0.16472 0.06223
0.99911 0.00052 0.00011 0.00012 0.00006 0.00002
0.01323 0.02390 0.23523 0.50091 0.16451 0.06216
0.99909 0.00053 0.00011 0.00012 0.00006 0.00002
0.01376 0.02382 0.23190 0.50255 0.16602 0.06189
0.99907 0.00056 0.00011 0.00012 0.00006 0.00002
0.01376 0.02339 0.23357 0.49678 0.17006 0.06238
0.99906 0.00056 0.00011 0.00012 0.00006 0.00002
0.01359 0.02370 0.23468 0.49105 0.17416 0.06277
0.99909 0.00053 0.00011 0.00012 0.00006 0.00002
0.01358 0.02438 0.23714 0.49187 0.17049 0.06247
0.99913 0.00050 0.00012 0.00011 0.00006 0.00002
0.01386 0.02414 0.23619 0.49668 0.16633 0.06273
0.99917 0.00046 0.00012 0.00011 0.00006 0.00002
0.01383 0.02412 0.23400 0.49859 0.16737 0.06203
0.99919 0.00043 0.00011 0.00011 0.00006 0.00002
0.01370 0.02417 0.23450 0.49720 0.16715 0.06320
0.99919 0.00044 0.00011 0.00011 0.00006 0.00002
0.01385 0.02511 0.23761 0.48988 0.17088 0.06261
0.99923 0.00040 0.00011 0.00011 0.00006 0.00002
0.01383 0.02454 0.23639 0.48772 0.17427 0.06319
0.99928 0.00035 0.00012 0.00011 0.00006 0.00002
0.01385 0.02475 0.23360 0.48958 0.17588 0.06229
0.99924 0.00039 0.00011 0.00011 0.00006 0.00002
0.01441 0.02476 0.23251 0.49070 0.17494 0.06261
0.99921 0.00042 0.00011 0.00011 0.00006 0.00002
0.01462 0.02418 0.23407 0.48726 0.17699 0.06282
0.99920 0.00042 0.00011 0.00011 0.00006 0.00002
0.01425 0.02460 0.24000 0.48300 0.17526 0.06282
0.99917 0.00045 0.00011 0.00011 0.00006 0.00002
0.01485 0.02434 0.24233 0.48131 0.17464 0.06247
0.99915 0.00047 0.00011 0.00011 0.00006 0.00002
0.01473 0.02429 0.23755 0.48644 0.17447 0.06246
0.99912 0.00050 0.00012 0.00011 0.00006 0.00002
0.01468 0.02471 0.23296 0.49029 0.17389 0.06340
0.99907 0.00055 0.00012 0.00011 0.00006 0.00002
0.01432 0.02485 0.23285 0.49464 0.17055 0.06273
0.99909 0.00053 0.00012 0.00011 0.00006 0.00002
0.01459 0.02468 0.23506 0.49146 0.17154 0.06260
0.99908 0.00054 0.00012 0.00011 0.00006 0.00002
0.01468 0.02447 0.23962 0.48743 0.17089 0.06285
0.99910 0.00052 0.00012 0.00011 0.00006 0.00002
0.01501 0.02403 0.23791 0.49187 0.16828 0.06284
0.99914 0.00048 0.00012 0.00011 0.00006 0.00002
0.01551 0.02393 0.23406 0.49361 0.17036 0.06246
0.99915 0.00048 0.00011 0.00011 0.00006 0.00002
0.01541 0.02418 0.23742 0.49228 0.16885 0.06180
0.99919 0.00043 0.00011 0.00011 0.00006 0.00002
0.01533 0.02480 0.24097 0.48533 0.17171 0.06180
0.99921 0.00042 0.00012 0.00010 0.00006 0.00002
0.01499 0.02444 0.23475 0.49160 0.17124 0.06292
0.99924 0.00038 0.00012 0.00010 0.00006 0.00002
0.01530 0.02524 0.23322 0.49351 0.17061 0.06206
0.99926 0.00037 0.00012 0.00010 0.00006 0.00002
0.01538 0.02534 0.23213 0.49404 0.17001 0.06304
0.99924 0.00038 0.00012 0.00010 0.00006 0.00002
0.01531 0.02519 0.23004 0.49545 0.17093 0.06301
0.99922 0.00040 0.00012 0.00011 0.00006 0.00002
0.01559 0.02479 0.23234 0.49274 0.17150 0.06299
0.99920 0.00042 0.00012 0.00011 0.00007 0.00002
0.01590 0.02538 0.23266 0.49365 0.16955 0.06281
0.99918 0.00044 0.00012 0.00010 0.00007 0.00002
0.01579 0.02548 0.23289 0.49228 0.17089 0.06259
0.99912 0.00050 0.00012 0.00011 0.00006 0.00002
0.01603 0.02552 0.23207 0.49261 0.17059 0.06312
0.99909 0.00053 0.00012 0.00011 0.00006 0.00002
0.01622 0.02526 0.22961 0.49338 0.17261 0.06286
0.99909 0.00053 0.00012 0.00011 0.00006 0.00002
0.01575 0.02514 0.23271 0.49178 0.17208 0.06248
0.99907 0.00055 0.00012 0.00011 0.00006 0.00002
0.01596 0.02527 0.23560 0.48771 0.17146 0.06394
0.99908 0.00054 0.00012 0.00011 0.00006 0.00002
0.01600 0.02550 0.23210 0.49156 0.17275 0.06202
0.99910 0.00051 0.00012 0.00011 0.00006 0.00002
0.01616 0.02584 0.23205 0.49083 0.17216 0.06288
0.99910 0.00051 0.00012 0.00011 0.00006 0.00002
0.01667 0.02518 0.23624 0.48682 0.17209 0.06293
0.99915 0.00047 0.00012 0.00010 0.00006 0.00002
0.01677 0.02551 0.23231 0.49027 0.17205 0.06302
0.99918 0.00043 0.00012 0.00010 0.00006 0.00002
0.01633 0.02626 0.22920 0.49120 0.17416 0.06279
0.99921 0.00041 0.00012 0.00010 0.00006 0.00002
0.01661 0.02603 0.23226 0.48847 0.17420 0.06236
0.99926 0.00036 0.00012 0.00010 0.00006 0.00002
0.01653 0.02620 0.23352 0.48910 0.17153 0.06305
0.99925 0.00037 0.00012 0.00010 0.00006 0.00002
0.01674 0.02627 0.23079 0.49114 0.17245 0.06255
0.99923 0.00039 0.00012 0.00010 0.00006 0.00002
0.01622 0.02679 0.23142 0.49060 0.17171 0.06319
0.99924 0.00038 0.00012 0.00010 0.00006 0.00002
0.01679 0.02676 0.23496 0.48884 0.17005 0.06254
0.99921 0.00041 0.00012 0.00010 0.00006 0.00002
0.01621 0.02739 0.23060 0.49152 0.17154 0.06267
0.99916 0.00046 0.00012 0.00010 0.00006 0.00002
0.01653 0.02712 0.22836 0.49196 0.17317 0.06279
0.99915 0.00047 0.00012 0.00011 0.00006 0.00002
0.01679 0.02712 0.23460 0.48574 0.17287 0.06281
0.99912 0.00050 0.00012 0.00011 0.00006 0.00002
0.01670 0.02733 0.23501 0.48527 0.17354 0.06208
0.99907 0.00054 0.00012 0.00011 0.00006 0.00002
0.01668 0.02757 0.23153 0.48627 0.17485 0.06302
0.99905 0.00056 0.00012 0.00011 0.00006 0.00002
0.01683 0.02800 0.23444 0.48635 0.17198 0.06232
0.99907 0.00053 0.00012 0.00011 0.00007 0.00002
0.01683 0.02828 0.23659 0.48201 0.17249 0.06374
0.99907 0.00053 0.00012 0.00011 0.00006 0.00002
0.01674 0.02854 0.22955 0.48623 0.17526 0.06361
0.99908 0.00053 0.00012 0.00011 0.00006 0.00002
0.01703 0.02848 0.23034 0.48641 0.17411 0.06356
0.99918 0.00043 0.00012 0.00010 0.00006 0.00002
0.01687 0.02889 0.23270 0.48563 0.17294 0.06289
0.99919 0.00042 0.00012 0.00010 0.00006 0.00002
0.01660 0.02938 0.22714 0.49199 0.17115 0.06366
0.99918 0.00043 0.00012 0.00010 0.00006 0.00002
0.01656 0.02952 0.22755 0.49322 0.16987 0.06319
0.99924 0.00038 0.00012 0.00010 0.00006 0.00002
0.01678 0.02899 0.23310 0.48349 0.17344 0.06412
0.99923 0.00038 0.00012 0.00010 0.00007 0.00002
0.01645 0.02923 0.23104 0.48650 0.17332 0.06338
0.99927 0.00034 0.00012 0.00010 0.00007 0.00002
0.01757 0.02874 0.23086 0.48590 0.17267 0.06419
0.99926 0.00036 0.00012 0.00010 0.00007 0.00002
0.01812 0.02863 0.23045 0.48338 0.17539 0.06396
0.99919 0.00043 0.00012 0.00010 0.00007 0.00002
0.01812 0.02897 0.22702 0.48367 0.17758 0.06456
0.99919 0.00042 0.00012 0.00010 0.00006 0.00002
0.01818 0.02941 0.22724 0.48320 0.17830 0.06359
0.99913 0.00048 0.00012 0.00011 0.00006 0.00002
0.01752 0.02973 0.22984 0.48109 0.17808 0.06365
0.99910 0.00051 0.00012 0.00011 0.00006 0.00002
0.01781 0.03005 0.22871 0.48015 0.17894 0.06428
0.99911 0.00050 0.00012 0.00011 0.00006 0.00002
0.01800 0.03096 0.22256 0.48699 0.17795 0.06346
0.99907 0.00053 0.00012 0.00011 0.00006 0.00002
0.01784 0.03046 0.22332 0.48538 0.17873 0.06419
0.99908 0.00052 0.00012 0.00011 0.00006 0.00002
0.01782 0.03061 0.22622 0.48407 0.17737 0.06382
0.99906 0.00054 0.00012 0.00011 0.00006 0.00002
0.01824 0.03036 0.22587 0.48390 0.17711 0.06444
0.99908 0.00052 0.00012 0.00011 0.00006 0.00002
0.01851 0.03101 0.22433 0.48375 0.17782 0.06451
0.99915 0.00046 0.00012 0.00011 0.00006 0.00002
0.01824 0.03112 0.22226 0.48666 0.17658 0.06507
0.99917 0.00044 0.00012 0.00010 0.00006 0.00002
0.01857 0.03126 0.22321 0.48595 0.17669 0.06425
0.99919 0.00042 0.00012 0.00010 0.00006 0.00002
0.01770 0.03176 0.22366 0.48435 0.17740 0.06505
0.99922 0.00039 0.00012 0.00010 0.00006 0.00002
0.01800 0.03175 0.22722 0.47771 0.18102 0.06422
0.99926 0.00035 0.00012 0.00010 0.00006 0.00002
0.01815 0.03183 0.22707 0.47600 0.18234 0.06453
0.99924 0.00037 0.00012 0.00010 0.00006 0.00002
0.01876 0.03159 0.22285 0.47979 0.18223 0.06470
0.99922 0.00039 0.00012 0.00010 0.00006 0.00002
0.01921 0.03103 0.22498 0.47754 0.18222 0.06493
0.99922 0.00039 0.00012 0.00010 0.00006 0.00002
0.01972 0.03005 0.22482 0.48038 0.18106 0.06388
0.99917 0.00044 0.00012 0.00010 0.00007 0.00002
0.01931 0.03032 0.21754 0.48781 0.18005 0.06489
0.99915 0.00046 0.00012 0.00010 0.00006 0.00002
0.01964 0.03103 0.21906 0.48824 0.17792 0.06402
0.99911 0.00049 0.00012 0.00010 0.00006 0.00002
0.01943 0.03072 0.21917 0.48921 0.17697 0.06442
0.99909 0.00051 0.00012 0.00011 0.00006 0.00002
0.02034 0.03034 0.22030 0.48527 0.17935 0.06432
0.99908 0.00051 0.00012 0.00011 0.00006 0.00002
0.01977 0.03126 0.22318 0.48148 0.18040 0.06383
0.99905 0.00054 0.00012 0.00011 0.00006 0.00002
0.01950 0.03175 0.21943 0.48635 0.17815 0.06473
0.99908 0.00052 0.00012 0.00011 0.00006 0.00002
0.02027 0.03072 0.21749 0.49021 0.17767 0.06356
