0.00000 0.00000 0.00000 1.00000 0.00000 0.00000
0.00003 0.00001 0.01049 0.97969 0.00704 0.00275
0.00005 0.00004 0.03908 0.92938 0.02511 0.00634
0.00005 0.00008 0.07843 0.86997 0.04602 0.00545
0.00006 0.00008 0.11921 0.81614 0.06021 0.00431
0.00005 0.00011 0.15206 0.77641 0.06481 0.00657
0.00004 0.00016 0.16982 0.75393 0.06872 0.00733
0.00006 0.00018 0.16957 0.74239 0.08200 0.00581
0.00007 0.00021 0.15446 0.73984 0.10086 0.00455
0.00009 0.00023 0.13478 0.74087 0.11901 0.00502
0.00009 0.00026 0.12413 0.72894 0.13849 0.00808
0.00008 0.00035 0.13127 0.70624 0.15312 0.00895
0.00009 0.00037 0.15606 0.68425 0.15113 0.00809
0.00011 0.00033 0.19053 0.66481 0.13714 0.00708
0.00013 0.00032 0.21868 0.64907 0.12439 0.00740
0.00016 0.00036 0.22302 0.64939 0.11821 0.00887
0.00017 0.00039 0.20175 0.66685 0.12160 0.00924
0.00017 0.00051 0.17130 0.68075 0.13926 0.00801
0.00017 0.00064 0.14944 0.67527 0.16786 0.00661
0.00016 0.00067 0.14101 0.66295 0.18838 0.00684
0.00016 0.00055 0.14527 0.66130 0.18407 0.00865
0.00020 0.00054 0.16377 0.66401 0.16329 0.00820
0.00025 0.00060 0.18320 0.66473 0.14423 0.00699
0.00031 0.00065 0.18823 0.66276 0.13940 0.00864
0.00028 0.00073 0.18370 0.65362 0.15263 0.00904
0.00029 0.00078 0.18241 0.63701 0.17207 0.00744
0.00039 0.00090 0.18831 0.62227 0.17992 0.00821
0.00038 0.00084 0.19494 0.62236 0.17109 0.01039
0.00031 0.00078 0.19977 0.63019 0.15936 0.00958
0.00045 0.00082 0.20453 0.62790 0.15918 0.00710
0.00052 0.00079 0.19792 0.63063 0.16273 0.00740
0.00035 0.00076 0.17946 0.64437 0.16514 0.00990
0.00031 0.00081 0.16253 0.65735 0.16801 0.01099
0.00041 0.00084 0.16226 0.65678 0.17108 0.00862
0.00044 0.00105 0.17077 0.64853 0.17070 0.00851
0.00034 0.00093 0.18045 0.63951 0.16833 0.01043
0.00033 0.00094 0.19598 0.62160 0.17093 0.01021
0.00039 0.00093 0.20758 0.60958 0.17300 0.00851
0.00030 0.00092 0.20949 0.61211 0.16811 0.00905
0.00034 0.00107 0.20690 0.62196 0.15940 0.01032
0.00033 0.00118 0.20325 0.63152 0.15372 0.00998
0.00035 0.00097 0.19755 0.63768 0.15322 0.01022
0.00025 0.00097 0.18594 0.65020 0.15208 0.01054
0.00034 0.00110 0.17924 0.65683 0.15295 0.00953
0.00032 0.00117 0.18301 0.65113 0.15395 0.01042
0.00030 0.00119 0.18580 0.65285 0.14921 0.01063
0.00034 0.00114 0.18059 0.66628 0.13999 0.01165
0.00038 0.00103 0.19014 0.65065 0.14440 0.01339
0.00037 0.00123 0.20082 0.63814 0.14813 0.01130
0.00059 0.00105 0.20503 0.63996 0.14213 0.01123
0.00081 0.00100 0.21323 0.63576 0.13737 0.01181
0.00054 0.00115 0.22488 0.61814 0.14379 0.01149
0.00076 0.00107 0.20989 0.62996 0.14555 0.01276
0.00049 0.00114 0.18864 0.64950 0.14724 0.01299
0.00045 0.00115 0.19206 0.63907 0.15469 0.01256
0.00050 0.00116 0.20564 0.62853 0.15235 0.01180
0.00072 0.00118 0.20584 0.64092 0.13923 0.01209
0.00077 0.00114 0.19336 0.65679 0.13483 0.01309
0.00068 0.00117 0.18687 0.65167 0.14549 0.01410
0.00064 0.00130 0.18824 0.64073 0.15570 0.01338
0.00043 0.00126 0.19114 0.64276 0.15133 0.01306
0.00073 0.00118 0.19970 0.64379 0.14087 0.01371
0.00086 0.00106 0.20464 0.63817 0.14014 0.01513
0.00059 0.00127 0.19675 0.64421 0.14192 0.01524
0.00062 0.00118 0.18956 0.64744 0.14602 0.01516
0.00074 0.00123 0.19308 0.64180 0.14800 0.01514
0.00073 0.00122 0.19979 0.63754 0.14525 0.01545
0.00077 0.00113 0.19691 0.64575 0.14003 0.01539
0.00065 0.00127 0.18937 0.65833 0.13395 0.01641
0.00074 0.00154 0.18886 0.65712 0.13440 0.01733
0.00075 0.00149 0.18954 0.64956 0.14196 0.01668
0.00075 0.00148 0.19199 0.64038 0.14889 0.01649
0.00073 0.00138 0.19412 0.63834 0.14741 0.01800
0.00088 0.00153 0.19928 0.63752 0.14261 0.01816
0.00068 0.00168 0.20425 0.63303 0.14171 0.01862
0.00090 0.00169 0.20605 0.63035 0.14125 0.01976
0.00068 0.00154 0.20994 0.62561 0.14288 0.01933
0.00078 0.00183 0.20476 0.62321 0.14994 0.01946
0.00080 0.00176 0.19238 0.62851 0.15643 0.02011
0.00072 0.00196 0.18441 0.63493 0.15679 0.02117
0.00079 0.00218 0.18955 0.63123 0.15406 0.02215
0.00065 0.00185 0.19069 0.63297 0.15030 0.02351
0.00068 0.00207 0.18665 0.63733 0.14921 0.02403
0.00072 0.00203 0.18821 0.63390 0.15282 0.02230
0.00086 0.00186 0.19466 0.62334 0.15583 0.02343
0.00072 0.00207 0.20601 0.60958 0.15633 0.02526
0.00088 0.00214 0.21604 0.60048 0.15406 0.02638
0.00090 0.00228 0.22064 0.59881 0.15163 0.02572
0.00083 0.00238 0.21629 0.59963 0.15478 0.02607
0.00085 0.00221 0.20545 0.60361 0.16201 0.02584
0.00090 0.00231 0.20041 0.60781 0.16389 0.02467
0.00102 0.00253 0.20587 0.60012 0.16543 0.02501
0.00083 0.00243 0.20659 0.59562 0.16941 0.02509
0.00096 0.00262 0.19704 0.60301 0.17178 0.02457
0.00101 0.00240 0.19859 0.60686 0.16504 0.02608
0.00089 0.00266 0.20947 0.60169 0.15979 0.02549
0.00093 0.00228 0.20654 0.60657 0.15825 0.02541
0.00093 0.00241 0.19862 0.61251 0.15957 0.02593
0.00118 0.00239 0.19177 0.61224 0.16533 0.02707
0.00110 0.00240 0.19216 0.61217 0.16638 0.02577
0.00123 0.00236 0.19699 0.61045 0.16233 0.02661
0.00102 0.00230 0.19802 0.61155 0.15970 0.02738
0.00126 0.00242 0.20112 0.60921 0.15992 0.02605
0.00135 0.00249 0.19990 0.61197 0.15775 0.02652
0.00120 0.00266 0.19235 0.61679 0.15938 0.02760
0.00108 0.00297 0.19324 0.61408 0.16061 0.02799
0.00125 0.00289 0.20021 0.61241 0.15508 0.02814
0.00111 0.00272 0.21157 0.60437 0.15178 0.02843
0.00133 0.00272 0.20922 0.60268 0.15528 0.02875
0.00113 0.00297 0.19922 0.60456 0.16238 0.02971
0.00090 0.00333 0.19317 0.60653 0.16590 0.03014
0.00128 0.00304 0.19030 0.61325 0.16284 0.02928
0.00111 0.00311 0.19665 0.60798 0.16209 0.02903
0.00138 0.00291 0.20441 0.60551 0.15662 0.02915
0.00117 0.00325 0.20626 0.60480 0.15398 0.03051
0.00095 0.00312 0.20401 0.61164 0.14936 0.03089
0.00122 0.00340 0.20441 0.60668 0.15309 0.03117
0.00109 0.00305 0.20372 0.60281 0.15758 0.03173
0.00129 0.00323 0.20276 0.60193 0.15930 0.03146
0.00153 0.00359 0.19767 0.61202 0.15324 0.03192
0.00124 0.00360 0.19666 0.61725 0.14837 0.03285
0.00126 0.00366 0.20983 0.59896 0.15279 0.03347
0.00136 0.00348 0.20923 0.59497 0.15744 0.03349
0.00163 0.00350 0.19559 0.61035 0.15421 0.03469
0.00166 0.00393 0.19262 0.61177 0.15267 0.03732
0.00147 0.00392 0.20336 0.60070 0.15388 0.03663
0.00138 0.00365 0.20715 0.60122 0.14999 0.03658
0.00150 0.00396 0.20641 0.60374 0.14725 0.03711
0.00149 0.00408 0.20975 0.59347 0.15422 0.03696
0.00131 0.00405 0.20935 0.59116 0.15728 0.03683
0.00130 0.00411 0.20291 0.59668 0.15802 0.03696
0.00151 0.00405 0.20428 0.59435 0.15884 0.03694
0.00143 0.00412 0.21072 0.58614 0.15994 0.03763
0.00135 0.00447 0.21772 0.57939 0.15947 0.03757
0.00131 0.00459 0.21535 0.57965 0.15975 0.03933
0.00144 0.00401 0.21035 0.58062 0.16419 0.03936
0.00159 0.00431 0.21066 0.57421 0.16933 0.03987
0.00197 0.00411 0.20856 0.57887 0.16665 0.03981
0.00184 0.00418 0.21110 0.57964 0.16257 0.04064
0.00203 0.00418 0.21937 0.57236 0.16251 0.03953
0.00198 0.00452 0.22149 0.56991 0.16286 0.03923
0.00190 0.00499 0.22597 0.56489 0.16220 0.04002
0.00196 0.00481 0.22819 0.56506 0.15978 0.04017
0.00195 0.00492 0.21957 0.57597 0.15711 0.04045
0.00258 0.00460 0.21034 0.58564 0.15651 0.04030
0.00239 0.00488 0.21101 0.58142 0.15996 0.04032
0.00226 0.00472 0.21231 0.57754 0.16394 0.03919
0.00222 0.00483 0.21166 0.57362 0.16628 0.04136
0.00202 0.00473 0.21277 0.57716 0.16241 0.04087
0.00205 0.00560 0.21015 0.57537 0.16491 0.04190
0.00201 0.00525 0.20895 0.57869 0.16367 0.04140
0.00223 0.00523 0.21608 0.57203 0.16276 0.04164
0.00247 0.00547 0.22047 0.56806 0.16087 0.04262
0.00233 0.00565 0.22149 0.56993 0.15800 0.04256
0.00246 0.00539 0.21638 0.57704 0.15675 0.04196
0.00259 0.00510 0.21200 0.57982 0.15783 0.04264
0.00248 0.00536 0.21664 0.57152 0.16063 0.04334
0.00211 0.00615 0.21868 0.56659 0.16370 0.04273
0.00222 0.00626 0.21433 0.57041 0.16418 0.04257
0.00200 0.00600 0.21020 0.58240 0.15720 0.04218
0.00231 0.00614 0.21152 0.58454 0.15466 0.04081
0.00258 0.00648 0.21364 0.57739 0.15820 0.04168
0.00245 0.00646 0.21979 0.57192 0.15789 0.04145
0.00232 0.00622 0.22475 0.56879 0.15603 0.04187
0.00231 0.00637 0.22417 0.56622 0.15990 0.04100
0.00275 0.00649 0.22121 0.56633 0.16265 0.04053
0.00288 0.00635 0.22051 0.57010 0.15857 0.04155
0.00280 0.00638 0.22401 0.56896 0.15557 0.04225
0.00275 0.00658 0.21996 0.56966 0.15827 0.04274
0.00287 0.00626 0.21414 0.57361 0.16066 0.04243
0.00286 0.00698 0.20962 0.57454 0.16385 0.04211
0.00269 0.00752 0.21200 0.57257 0.16346 0.04173
0.00241 0.00707 0.21816 0.57182 0.15766 0.04284
0.00267 0.00678 0.22599 0.56889 0.15269 0.04295
0.00246 0.00691 0.22944 0.56776 0.15004 0.04335
0.00238 0.00766 0.23013 0.56531 0.15191 0.04257
0.00223 0.00758 0.23026 0.56205 0.15489 0.04295
0.00269 0.00734 0.23007 0.56528 0.15185 0.04274
0.00267 0.00705 0.23226 0.56080 0.15346 0.04372
0.00293 0.00746 0.23027 0.56159 0.15429 0.04343
0.00301 0.00731 0.22504 0.57081 0.15086 0.04293
0.00298 0.00731 0.21973 0.57155 0.15399 0.04441
0.00319 0.00757 0.22093 0.56910 0.15514 0.04404
0.00323 0.00772 0.23198 0.55555 0.15691 0.04458
0.00295 0.00770 0.23488 0.55100 0.15875 0.04468
0.00305 0.00742 0.22661 0.55970 0.15828 0.04491
0.00324 0.00777 0.21948 0.56888 0.15607 0.04453
0.00343 0.00723 0.22880 0.55866 0.15716 0.04469
0.00317 0.00770 0.23328 0.55323 0.15834 0.04425
0.00317 0.00781 0.22431 0.56065 0.15918 0.04484
0.00304 0.00757 0.21965 0.56327 0.16319 0.04326
0.00307 0.00787 0.22667 0.55275 0.16517 0.04443
0.00338 0.00780 0.23635 0.54257 0.16583 0.04402
0.00344 0.00790 0.23270 0.54515 0.16654 0.04423
0.00357 0.00755 0.22781 0.55252 0.16329 0.04521
0.00328 0.00796 0.22756 0.56066 0.15649 0.04401
0.00343 0.00805 0.22642 0.56098 0.15498 0.04610
0.00350 0.00822 0.22203 0.56623 0.15502 0.04495
0.00367 0.00832 0.22117 0.56458 0.15674 0.04547
0.00384 0.00814 0.22365 0.55874 0.15971 0.04588
0.00410 0.00787 0.23208 0.55129 0.15951 0.04511
0.00410 0.00798 0.23539 0.54249 0.16426 0.04574
0.00398 0.00788 0.23333 0.54352 0.16637 0.04487
0.00409 0.00798 0.23722 0.54109 0.16306 0.04653
0.00364 0.00855 0.24040 0.54157 0.15905 0.04675
0.00364 0.00922 0.23750 0.54379 0.15905 0.04676
0.00371 0.00902 0.22878 0.54821 0.16422 0.04602
0.00391 0.00860 0.22409 0.55068 0.16661 0.04606
0.00390 0.00843 0.22669 0.54943 0.16485 0.04665
0.00402 0.00883 0.22853 0.54363 0.16863 0.04632
0.00400 0.00871 0.23337 0.53638 0.16984 0.04766
0.00401 0.00918 0.24002 0.52695 0.17333 0.04647
0.00386 0.00924 0.23710 0.52953 0.17438 0.04585
0.00383 0.00934 0.23204 0.53601 0.17212 0.04663
0.00403 0.00940 0.23791 0.53178 0.16977 0.04707
0.00398 0.00978 0.24924 0.52415 0.16647 0.04634
0.00400 0.00975 0.24669 0.52693 0.16596 0.04662
0.00410 0.00974 0.23472 0.53752 0.16853 0.04535
0.00447 0.00962 0.22970 0.54009 0.16988 0.04621
0.00423 0.01044 0.22643 0.54697 0.16550 0.04640
0.00432 0.01016 0.22482 0.55193 0.16168 0.04705
0.00436 0.00993 0.22476 0.55399 0.16015 0.04678
0.00415 0.01010 0.22517 0.55499 0.15989 0.04567
0.00417 0.01013 0.23170 0.54306 0.16399 0.04690
0.00416 0.01037 0.23546 0.53981 0.16467 0.04550
0.00439 0.01033 0.23414 0.53715 0.16803 0.04592
0.00425 0.01071 0.23376 0.53452 0.17053 0.04619
0.00438 0.01048 0.23469 0.53671 0.16761 0.04609
0.00430 0.01077 0.23787 0.53361 0.16761 0.04581
0.00451 0.01024 0.23753 0.53523 0.16636 0.04609
0.00453 0.01033 0.23408 0.53752 0.16630 0.04720
0.00456 0.01044 0.23167 0.54276 0.16402 0.04650
0.00461 0.01060 0.23350 0.54513 0.16008 0.04604
0.00458 0.01045 0.23694 0.53910 0.16089 0.04799
0.00467 0.01114 0.24013 0.53356 0.16249 0.04797
0.00430 0.01142 0.23328 0.54022 0.16414 0.04660
0.00448 0.01114 0.22766 0.54280 0.16720 0.04668
0.00456 0.01063 0.23047 0.54022 0.16569 0.04839
0.00456 0.01090 0.23129 0.53853 0.16664 0.04804
0.00466 0.01109 0.23248 0.53640 0.16730 0.04804
0.00458 0.01143 0.23389 0.53655 0.16515 0.04836
0.00466 0.01137 0.23499 0.53731 0.16339 0.04824
0.00466 0.01155 0.23805 0.53223 0.16510 0.04836
0.00470 0.01159 0.23699 0.53299 0.16494 0.04875
0.00464 0.01152 0.23477 0.53837 0.16216 0.04849
0.00468 0.01129 0.23517 0.53693 0.16338 0.04850
0.00474 0.01144 0.23905 0.53133 0.16474 0.04865
0.00462 0.01154 0.24219 0.52999 0.16338 0.04824
0.00474 0.01145 0.24348 0.52965 0.16152 0.04911
0.00475 0.01185 0.25009 0.52053 0.16361 0.04912
0.00469 0.01207 0.25748 0.50821 0.16781 0.04970
0.00497 0.01180 0.25847 0.50497 0.17139 0.04835
0.00484 0.01183 0.25392 0.50921 0.16995 0.05020
0.00488 0.01209 0.25070 0.51735 0.16553 0.04940
0.00473 0.01252 0.24946 0.52233 0.16166 0.04926
0.00473 0.01223 0.24548 0.52712 0.16065 0.04975
0.00480 0.01244 0.24358 0.52929 0.15994 0.04990
0.00493 0.01254 0.24057 0.53388 0.15824 0.04980
0.00486 0.01235 0.23315 0.54111 0.15858 0.04991
0.00507 0.01245 0.23767 0.53055 0.16289 0.05131
0.00526 0.01232 0.24543 0.52031 0.16660 0.05004
0.00521 0.01281 0.24692 0.51463 0.16971 0.05066
0.00491 0.01287 0.24588 0.51552 0.16938 0.05139
0.00525 0.01321 0.24622 0.51642 0.16784 0.05101
0.00513 0.01311 0.24766 0.51737 0.16659 0.05009
0.00525 0.01289 0.24642 0.51810 0.16459 0.05270
0.00535 0.01339 0.24902 0.51382 0.16662 0.05175
0.00561 0.01370 0.24812 0.51060 0.17001 0.05192
0.00547 0.01319 0.24757 0.51055 0.17090 0.05227
0.00576 0.01392 0.24984 0.51032 0.16840 0.05172
0.00579 0.01360 0.24814 0.51407 0.16597 0.05238
0.00577 0.01349 0.24462 0.51966 0.16409 0.05231
0.00578 0.01414 0.24123 0.52250 0.16413 0.05218
0.00583 0.01407 0.23795 0.52511 0.16434 0.05265
0.00600 0.01397 0.24183 0.51669 0.16792 0.05353
0.00615 0.01390 0.24624 0.51099 0.16941 0.05327
0.00611 0.01399 0.24495 0.51253 0.16953 0.05284
0.00605 0.01416 0.24598 0.51044 0.16981 0.05350
0.00609 0.01454 0.24749 0.50799 0.17018 0.05366
0.00593 0.01454 0.24783 0.50761 0.16990 0.05413
0.00618 0.01424 0.25129 0.50601 0.16790 0.05433
0.00673 0.01482 0.25108 0.50664 0.16769 0.05299
0.00657 0.01470 0.24313 0.51658 0.16617 0.05280
0.00654 0.01424 0.23662 0.51881 0.17014 0.05361
0.00650 0.01462 0.23162 0.52079 0.17370 0.05273
0.00675 0.01486 0.23616 0.51584 0.17257 0.05377
0.00689 0.01495 0.24537 0.50724 0.17206 0.05344
0.00693 0.01461 0.24620 0.51166 0.16693 0.05362
0.00704 0.01502 0.24240 0.51352 0.16824 0.05373
0.00726 0.01470 0.24524 0.50695 0.17225 0.05356
0.00771 0.01375 0.24927 0.50584 0.16953 0.05385
0.00748 0.01449 0.24574 0.51225 0.16636 0.05363
0.00788 0.01435 0.24210 0.51359 0.16651 0.05552
0.00776 0.01457 0.24448 0.51182 0.16731 0.05402
0.00793 0.01395 0.24565 0.51321 0.16501 0.05420
0.00820 0.01328 0.24241 0.51340 0.16835 0.05431
0.00838 0.01353 0.24380 0.50901 0.17061 0.05461
0.00820 0.01435 0.24699 0.50857 0.16700 0.05485
0.00810 0.01439 0.24542 0.50966 0.16826 0.05411
0.00822 0.01475 0.24498 0.50962 0.16788 0.05450
0.00822 0.01467 0.25029 0.50269 0.16997 0.05412
0.00829 0.01492 0.24714 0.50598 0.16928 0.05434
0.00843 0.01526 0.24285 0.51278 0.16605 0.05458
0.00814 0.01553 0.24228 0.51479 0.16441 0.05479
0.00850 0.01501 0.24117 0.51334 0.16736 0.05457
0.00850 0.01518 0.24132 0.51307 0.16764 0.05424
0.00860 0.01561 0.24269 0.51221 0.16689 0.05394
0.00888 0.01504 0.23908 0.51187 0.17002 0.05506
0.00890 0.01508 0.23720 0.51479 0.16923 0.05475
0.00865 0.01540 0.24219 0.50782 0.17091 0.05497
0.00872 0.01547 0.24468 0.50477 0.17176 0.05456
0.00935 0.01577 0.24360 0.50886 0.16650 0.05587
0.00946 0.01578 0.24032 0.51459 0.16523 0.05457
0.00891 0.01573 0.23640 0.51676 0.16586 0.05628
0.00931 0.01543 0.23960 0.51321 0.16766 0.05473
0.00909 0.01578 0.24220 0.50826 0.16944 0.05518
0.00904 0.01628 0.23852 0.51147 0.16926 0.05538
0.00864 0.01645 0.23827 0.51205 0.16920 0.05533
0.00899 0.01634 0.24104 0.50917 0.16885 0.05556
0.00935 0.01660 0.23807 0.51306 0.16752 0.05534
0.00914 0.01666 0.23669 0.51444 0.16697 0.05604
0.00939 0.01680 0.23859 0.51467 0.16522 0.05528
0.00925 0.01725 0.23989 0.51061 0.16780 0.05514
0.00913 0.01708 0.23603 0.51104 0.17079 0.05587
0.00921 0.01785 0.23151 0.51545 0.16955 0.05638
0.01000 0.01702 0.23724 0.51034 0.16953 0.05581
0.00953 0.01712 0.24179 0.50753 0.16800 0.05598
0.00983 0.01664 0.24152 0.50857 0.16763 0.05576
0.01014 0.01698 0.23568 0.51281 0.16822 0.05612
0.00956 0.01801 0.23507 0.51387 0.16723 0.05620
0.00952 0.01809 0.23597 0.51226 0.16798 0.05613
0.00986 0.01806 0.23735 0.50898 0.16976 0.05595
0.00989 0.01803 0.23593 0.51293 0.16690 0.05626
0.01018 0.01755 0.23460 0.51518 0.16687 0.05556
0.01028 0.01791 0.23440 0.51276 0.16811 0.05648
0.01000 0.01818 0.23726 0.50989 0.16841 0.05621
0.00970 0.01832 0.23983 0.51216 0.16344 0.05648
0.01018 0.01832 0.23611 0.51854 0.16096 0.05583
0.01024 0.01808 0.23243 0.52038 0.16229 0.05654
0.01026 0.01819 0.23652 0.51519 0.16384 0.05594
0.01069 0.01815 0.23485 0.51126 0.16871 0.05630
0.01065 0.01817 0.23225 0.51141 0.17213 0.05534
0.01054 0.01805 0.23534 0.50853 0.17156 0.05592
0.01054 0.01822 0.23758 0.50861 0.16930 0.05570
0.01032 0.01860 0.23886 0.50596 0.16898 0.05721
0.01011 0.01882 0.23740 0.50916 0.16853 0.05591
0.01067 0.01837 0.23384 0.51394 0.16622 0.05690
0.01056 0.01922 0.23209 0.51695 0.16478 0.05635
0.01042 0.01910 0.23427 0.51297 0.16668 0.05649
0.01053 0.01910 0.23234 0.51783 0.16404 0.05611
0.01041 0.01871 0.23029 0.52099 0.16319 0.05636
0.01038 0.01951 0.23076 0.52027 0.16327 0.05575
0.01045 0.02014 0.23245 0.51404 0.16603 0.05683
0.01084 0.01958 0.23101 0.51511 0.16759 0.05580
0.01071 0.01916 0.23074 0.51233 0.17050 0.05650
0.01107 0.01955 0.23128 0.51033 0.17152 0.05619
0.01129 0.01928 0.23178 0.50875 0.17241 0.05642
0.01159 0.01939 0.22984 0.51130 0.17144 0.05638
0.01159 0.01931 0.22687 0.51600 0.16970 0.05647
0.01156 0.01898 0.22942 0.51381 0.17050 0.05568
0.01153 0.01948 0.23538 0.50806 0.16973 0.05576
0.01133 0.02044 0.23290 0.51428 0.16523 0.05575
0.01140 0.01988 0.22969 0.51566 0.16699 0.05633
0.01154 0.01948 0.23289 0.51147 0.16757 0.05699
0.01164 0.02023 0.23313 0.51024 0.16856 0.05615
0.01095 0.02050 0.22890 0.51168 0.17098 0.05693
0.01149 0.02006 0.23280 0.50897 0.17018 0.05644
0.01175 0.02017 0.23624 0.50419 0.17076 0.05683
0.01168 0.02111 0.23114 0.50693 0.17231 0.05676
0.01134 0.02182 0.23246 0.50713 0.17104 0.05614
0.01183 0.02062 0.23918 0.50149 0.16992 0.05690
0.01206 0.02042 0.23766 0.50044 0.17255 0.05681
0.01229 0.02075 0.23422 0.50525 0.17050 0.05693
0.01202 0.02106 0.23374 0.50939 0.16662 0.05711
0.01205 0.02118 0.23659 0.50529 0.16805 0.05677
0.01258 0.02099 0.23773 0.49963 0.17163 0.05738
0.01255 0.02081 0.23716 0.50052 0.17148 0.05743
0.01220 0.02147 0.23704 0.49936 0.17291 0.05695
0.01254 0.02158 0.23379 0.50170 0.17329 0.05704
0.01297 0.02138 0.23461 0.49963 0.17273 0.05862
0.01338 0.02106 0.23816 0.50044 0.16955 0.05736
0.01326 0.02153 0.23493 0.50711 0.16533 0.05777
0.01344 0.02117 0.22886 0.51471 0.16376 0.05799
0.01316 0.02176 0.23279 0.51012 0.16395 0.05815
0.01343 0.02180 0.23849 0.50506 0.16381 0.05734
0.01307 0.02213 0.23228 0.50987 0.16387 0.05872
0.01324 0.02242 0.22625 0.51708 0.16298 0.05797
0.01384 0.02164 0.22915 0.51033 0.16636 0.05861
0.01421 0.02183 0.23136 0.50565 0.16837 0.05850
0.01386 0.02192 0.23173 0.50454 0.16947 0.05841
0.01415 0.02231 0.23077 0.50486 0.16945 0.05840
0.01442 0.02257 0.23276 0.50428 0.16707 0.05883
0.01398 0.02264 0.23698 0.50116 0.16609 0.05908
0.01380 0.02250 0.23367 0.50277 0.16848 0.05871
0.01394 0.02266 0.22873 0.50550 0.16996 0.05914
0.01382 0.02274 0.22915 0.50592 0.16944 0.05887
0.01376 0.02347 0.22843 0.50849 0.16767 0.05811
0.01391 0.02336 0.22577 0.51471 0.16461 0.05758
0.01390 0.02381 0.22424 0.51416 0.16523 0.05859
0.01398 0.02406 0.22807 0.50641 0.16855 0.05886
0.01430 0.02349 0.23156 0.50623 0.16619 0.05816
0.01449 0.02313 0.23404 0.50350 0.16595 0.05882
0.01459 0.02323 0.23355 0.50311 0.16651 0.05895
0.01450 0.02345 0.22645 0.50967 0.16743 0.05842
0.01465 0.02374 0.22531 0.50994 0.16772 0.05858
0.01471 0.02368 0.22977 0.50606 0.16552 0.06020
0.01441 0.02354 0.22632 0.51376 0.16267 0.05923
0.01466 0.02338 0.22196 0.51505 0.16516 0.05972
0.01439 0.02465 0.22696 0.50894 0.16518 0.05981
0.01446 0.02475 0.22986 0.50506 0.16640 0.05941
0.01505 0.02417 0.22653 0.50495 0.16968 0.05955
0.01485 0.02479 0.22893 0.50442 0.16688 0.06006
0.01498 0.02452 0.22811 0.50496 0.16715 0.06022
0.01514 0.02395 0.22515 0.50594 0.16987 0.05989
0.01502 0.02405 0.22560 0.50712 0.16808 0.06006
0.01518 0.02484 0.22373 0.50850 0.16717 0.06051
0.01540 0.02521 0.22426 0.51024 0.16546 0.05936
0.01533 0.02476 0.22241 0.51365 0.16391 0.05987
0.01560 0.02455 0.22031 0.51706 0.16298 0.05943
0.01573 0.02443 0.22000 0.51647 0.16310 0.06020
0.01542 0.02481 0.22133 0.51477 0.16381 0.05980
0.01578 0.02513 0.22342 0.50684 0.16887 0.05990
0.01627 0.02407 0.22372 0.50895 0.16713 0.05978
0.01654 0.02475 0.22194 0.51447 0.16219 0.06004
0.01645 0.02497 0.22290 0.51495 0.16096 0.05970
0.01603 0.02543 0.22378 0.51234 0.16173 0.06062
0.01619 0.02491 0.22025 0.51224 0.16606 0.06029
0.01544 0.02539 0.21682 0.51223 0.16943 0.06061
0.01644 0.02462 0.21912 0.50970 0.16975 0.06029
0.01676 0.02405 0.22401 0.50663 0.16760 0.06089
0.01610 0.02510 0.22388 0.50702 0.16659 0.06124
0.01642 0.02535 0.22237 0.50751 0.16759 0.06069
0.01622 0.02537 0.22428 0.50529 0.16781 0.06096
0.01582 0.02578 0.22355 0.50889 0.16431 0.06158
0.01611 0.02623 0.22038 0.51422 0.16280 0.06019
0.01593 0.02647 0.21963 0.51308 0.16369 0.06113
0.01623 0.02636 0.22205 0.50711 0.16655 0.06162
0.01680 0.02624 0.22632 0.50068 0.16818 0.06171
0.01676 0.02592 0.22833 0.49609 0.17125 0.06158
0.01669 0.02595 0.22355 0.50332 0.16931 0.06110
0.01646 0.02631 0.22076 0.50724 0.16810 0.06106
0.01701 0.02636 0.22110 0.50496 0.16903 0.06147
0.01691 0.02673 0.21919 0.50323 0.17290 0.06097
0.01677 0.02752 0.21728 0.50356 0.17372 0.06108
0.01694 0.02755 0.22166 0.50390 0.16882 0.06105
0.01733 0.02737 0.22185 0.50292 0.16944 0.06102
0.01727 0.02713 0.21848 0.50542 0.17030 0.06133
0.01690 0.02766 0.21818 0.50682 0.16965 0.06070
0.01677 0.02754 0.21859 0.50921 0.16747 0.06035
0.01725 0.02748 0.21975 0.50316 0.17133 0.06096
0.01734 0.02780 0.21738 0.50730 0.17028 0.05983
0.01759 0.02831 0.21434 0.50710 0.17107 0.06151
0.01816 0.02713 0.21665 0.50609 0.17191 0.05999
0.01800 0.02780 0.21821 0.50507 0.16939 0.06145
0.01780 0.02838 0.21753 0.50548 0.17033 0.06040
0.01767 0.02845 0.21710 0.50447 0.17112 0.06112
0.01727 0.02908 0.21728 0.50653 0.16886 0.06090
0.01724 0.02877 0.21742 0.50642 0.16923 0.06085
0.01733 0.02933 0.21500 0.50977 0.16726 0.06123
0.01763 0.02927 0.21480 0.50984 0.16755 0.06083
0.01733 0.02975 0.21658 0.50538 0.16961 0.06128
0.01754 0.02956 0.21557 0.50527 0.17077 0.06122
0.01760 0.02901 0.21425 0.50845 0.16928 0.06133
0.01808 0.02905 0.21680 0.50449 0.16973 0.06179
0.01808 0.02960 0.21979 0.50313 0.16788 0.06144
0.01726 0.02997 0.21909 0.50287 0.16957 0.06116
0.01829 0.02845 0.21357 0.50647 0.17195 0.06119
0.01834 0.02861 0.21353 0.50886 0.16942 0.06117
0.01824 0.02867 0.21815 0.50266 0.17061 0.06159
0.01901 0.02827 0.21771 0.50153 0.17187 0.06153
0.01879 0.02877 0.21538 0.50420 0.17052 0.06226
0.01872 0.02888 0.21639 0.50436 0.16964 0.06194
0.01956 0.02786 0.21815 0.50168 0.17066 0.06202
0.01905 0.02861 0.21770 0.50308 0.16911 0.06238
0.01920 0.02898 0.21309 0.50607 0.17101 0.06158
0.01919 0.02898 0.21255 0.50741 0.16978 0.06202
0.01857 0.02965 0.21486 0.50336 0.17092 0.06257
0.01841 0.03007 0.21641 0.50105 0.17164 0.06234
0.01818 0.03017 0.21592 0.50202 0.17088 0.06274
0.01816 0.03080 0.21347 0.50510 0.17014 0.06226
0.01851 0.03106 0.21121 0.50730 0.16917 0.06266
0.01902 0.03016 0.21185 0.50486 0.17168 0.06235
0.01906 0.03007 0.21294 0.50094 0.17475 0.06215
0.01948 0.02986 0.21285 0.50065 0.17436 0.06272
0.01916 0.02999 0.21081 0.50649 0.17157 0.06190
0.01965 0.02973 0.20910 0.50528 0.17310 0.06306
0.01946 0.03033 0.21277 0.50180 0.17349 0.06207
0.01949 0.03007 0.21755 0.49697 0.17339 0.06244
0.01974 0.02942 0.21343 0.50412 0.17099 0.06222
0.01936 0.03069 0.20797 0.50986 0.16990 0.06213
0.01893 0.03093 0.21069 0.50523 0.17114 0.06299
0.01894 0.03040 0.21181 0.50450 0.17258 0.06171
0.01892 0.03126 0.20854 0.50463 0.17423 0.06234
0.01858 0.03176 0.21159 0.49933 0.17632 0.06234
0.01886 0.03136 0.21463 0.49697 0.17552 0.06257
0.01914 0.03091 0.21185 0.50333 0.17266 0.06205
0.01900 0.03134 0.21013 0.50430 0.17267 0.06247
0.01911 0.03157 0.21191 0.50195 0.17272 0.06265
0.01891 0.03198 0.20970 0.50386 0.17238 0.06307
0.01900 0.03187 0.20826 0.50685 0.17157 0.06237
0.01869 0.03265 0.20997 0.50359 0.17137 0.06365

